PicoQuant	FluoFit	4.4.0.1				
Saved	:	08/04/2011	16:23:43			
Model:	Exp.	[Reconv.]	(Exponential)			
t[ns]	Intens.	t[ns]	Intens.			
0.0073	2	0.0797	1			
0.0147	1	0.0870	0			
0.0220	1	0.0944	0			
0.0293	2	0.1017	0			
0.0367	2	0.1090	0			
0.0440	1	0.1164	0			
0.0513	1	0.1237	0			
0.0586	1	0.1310	0			
0.0660	1	0.1384	0			
0.0733	1	0.1457	0			
0.0806	2	0.1530	1			
0.0880	0	0.1603	0			
0.0953	3	0.1677	0			
0.1026	0	0.1750	0			
0.1100	1	0.1823	0			
0.1173	0	0.1897	0			
0.1246	1	0.1970	0			
0.1320	1	0.2043	0			
0.1393	1	0.2117	0			
0.1466	3	0.2190	0			
0.1540	3	0.2263	0			
0.1613	1	0.2337	0			
0.1686	1	0.2410	0			
0.1759	2	0.2483	0			
0.1833	1	0.2556	0			
0.1906	0	0.2630	0			
0.1979	1	0.2703	0			
0.2053	0	0.2776	0			
0.2126	2	0.2850	0			
0.2199	2	0.2923	0			
0.2273	1	0.2996	0			
0.2346	2	0.3070	0			
0.2419	0	0.3143	0			
0.2493	2	0.3216	1			
0.2566	0	0.3290	0			
0.2639	3	0.3363	0			
0.2713	2	0.3436	0			
0.2786	2	0.3510	0			
0.2859	1	0.3583	0			
0.2932	0	0.3656	0			
0.3006	0	0.3729	0			
0.3079	4	0.3803	0			
0.3152	0	0.3876	0			
0.3226	0	0.3949	0			
0.3299	2	0.4023	0			
0.3372	0	0.4096	0			
0.3446	2	0.4169	0			
0.3519	1	0.4243	0			
0.3592	3	0.4316	0			
0.3666	1	0.4389	0			
0.3739	2	0.4463	0			
0.3812	1	0.4536	0			
0.3886	0	0.4609	0			
0.3959	0	0.4683	0			
0.4032	1	0.4756	0			
0.4105	0	0.4829	0			
0.4179	1	0.4902	0			
0.4252	0	0.4976	0			
0.4325	0	0.5049	0			
0.4399	0	0.5122	0			
0.4472	1	0.5196	1			
0.4545	5	0.5269	0			
0.4619	0	0.5342	0			
0.4692	1	0.5416	0			
0.4765	1	0.5489	0			
0.4839	3	0.5562	0			
0.4912	0	0.5636	0			
0.4985	0	0.5709	0			
0.5059	2	0.5782	0			
0.5132	0	0.5856	0			
0.5205	0	0.5929	0			
0.5278	4	0.6002	0			
0.5352	1	0.6075	0			
0.5425	1	0.6149	0			
0.5498	4	0.6222	0			
0.5572	1	0.6295	0			
0.5645	0	0.6369	0			
0.5718	0	0.6442	0			
0.5792	0	0.6515	0			
0.5865	3	0.6589	0			
0.5938	3	0.6662	0			
0.6012	0	0.6735	0			
0.6085	3	0.6809	0			
0.6158	2	0.6882	0			
0.6232	1	0.6955	1			
0.6305	0	0.7029	0			
0.6378	1	0.7102	0			
0.6451	0	0.7175	0			
0.6525	2	0.7248	0			
0.6598	0	0.7322	0			
0.6671	2	0.7395	0			
0.6745	0	0.7468	0			
0.6818	2	0.7542	0			
0.6891	0	0.7615	0			
0.6965	2	0.7688	0			
0.7038	5	0.7762	0			
0.7111	0	0.7835	0			
0.7185	0	0.7908	0			
0.7258	2	0.7982	0			
0.7331	0	0.8055	0			
0.7405	1	0.8128	0			
0.7478	0	0.8202	0			
0.7551	1	0.8275	0			
0.7624	2	0.8348	0			
0.7698	3	0.8421	0			
0.7771	0	0.8495	0			
0.7844	0	0.8568	0			
0.7918	2	0.8641	0			
0.7991	0	0.8715	0			
0.8064	0	0.8788	0			
0.8138	2	0.8861	0			
0.8211	1	0.8935	0			
0.8284	1	0.9008	0			
0.8358	1	0.9081	0			
0.8431	1	0.9155	1			
0.8504	5	0.9228	0			
0.8578	1	0.9301	0			
0.8651	2	0.9375	0			
0.8724	1	0.9448	0			
0.8797	2	0.9521	0			
0.8871	2	0.9594	0			
0.8944	2	0.9668	0			
0.9017	1	0.9741	0			
0.9091	1	0.9814	0			
0.9164	4	0.9888	1			
0.9237	2	0.9961	0			
0.9311	0	1.0034	0			
0.9384	0	1.0108	1			
0.9457	0	1.0181	0			
0.9531	1	1.0254	0			
0.9604	1	1.0328	1			
0.9677	1	1.0401	0			
0.9751	1	1.0474	1			
0.9824	2	1.0548	1			
0.9897	1	1.0621	0			
0.997	3	1.0694	0			
1.0044	5	1.0767	0			
1.0117	2	1.0841	1			
1.019	0	1.0914	1			
1.0264	1	1.0987	1			
1.0337	1	1.1061	1			
1.041	1	1.1134	0			
1.0484	1	1.1207	0			
1.0557	0	1.1281	0			
1.063	3	1.1354	0			
1.0704	2	1.1427	0			
1.0777	2	1.1501	0			
1.085	1	1.1574	0			
1.0924	0	1.1647	0			
1.0997	1	1.1721	0			
1.107	2	1.1794	0			
1.1143	0	1.1867	1			
1.1217	2	1.194	1			
1.129	1	1.2014	0			
1.1363	1	1.2087	0			
1.1437	2	1.216	0			
1.151	0	1.2234	1			
1.1583	1	1.2307	0			
1.1657	0	1.238	0			
1.173	2	1.2454	0			
1.1803	3	1.2527	0			
1.1877	2	1.26	0			
1.195	1	1.2674	1			
1.2023	2	1.2747	0			
1.2097	1	1.282	0			
1.217	3	1.2894	2			
1.2243	0	1.2967	0			
1.2316	0	1.304	0			
1.239	4	1.3113	1			
1.2463	1	1.3187	0			
1.2536	5	1.326	0			
1.261	1	1.3333	0			
1.2683	1	1.3407	0			
1.2756	1	1.348	0			
1.283	2	1.3553	0			
1.2903	2	1.3627	1			
1.2976	2	1.37	0			
1.305	3	1.3773	1			
1.3123	1	1.3847	1			
1.3196	3	1.392	0			
1.327	4	1.3993	0			
1.3343	0	1.4067	1			
1.3416	2	1.414	0			
1.3489	1	1.4213	0			
1.3563	2	1.4286	0			
1.3636	4	1.436	0			
1.3709	0	1.4433	0			
1.3783	0	1.4506	0			
1.3856	1	1.458	0			
1.3929	1	1.4653	0			
1.4003	0	1.4726	0			
1.4076	2	1.48	0			
1.4149	1	1.4873	0			
1.4223	0	1.4946	0			
1.4296	3	1.502	0			
1.4369	1	1.5093	0			
1.4443	2	1.5166	0			
1.4516	1	1.524	0			
1.4589	1	1.5313	0			
1.4662	1	1.5386	0			
1.4736	3	1.5459	0			
1.4809	0	1.5533	0			
1.4882	1	1.5606	0			
1.4956	3	1.5679	0			
1.5029	4	1.5753	0			
1.5102	3	1.5826	0			
1.5176	1	1.5899	0			
1.5249	1	1.5973	0			
1.5322	1	1.6046	0			
1.5396	1	1.6119	0			
1.5469	1	1.6193	0			
1.5542	3	1.6266	0			
1.5616	2	1.6339	0			
1.5689	1	1.6413	0			
1.5762	0	1.6486	0			
1.5835	2	1.6559	0			
1.5909	1	1.6632	0			
1.5982	3	1.6706	0			
1.6055	4	1.6779	1			
1.6129	4	1.6852	0			
1.6202	0	1.6926	0			
1.6275	1	1.7001	0			
1.6349	0	1.7072	0			
1.6422	0	1.7146	1			
1.6495	4	1.7219	0			
1.6569	1	1.7292	0			
1.6642	1	1.7366	0			
1.6715	1	1.7439	0			
1.6788	2	1.7512	1			
1.6862	3	1.7586	0			
1.6935	5	1.7659	0			
1.7008	1	1.7732	0			
1.7082	3	1.7805	0			
1.7155	4	1.7879	0			
1.7228	5	1.7952	0			
1.7302	2	1.8025	1			
1.7375	2	1.8099	0			
1.7448	3	1.8172	0			
1.7522	3	1.8245	0			
1.7595	1	1.8319	0			
1.7668	2	1.8392	0			
1.7742	0	1.8465	0			
1.7815	2	1.8539	0			
1.7888	3	1.8612	0			
1.7961	1	1.8685	0			
1.8035	3	1.8758	0			
1.8108	2	1.8832	1			
1.8181	1	1.8905	0			
1.8255	2	1.8978	2			
1.8328	4	1.9052	0			
1.8401	4	1.9125	0			
1.8475	2	1.9198	0			
1.8548	2	1.9272	0			
1.8621	1	1.9345	0			
1.8695	3	1.9418	0			
1.8768	5	1.9492	0			
1.8841	0	1.9565	0			
1.8915	1	1.9638	0			
1.8988	1	1.9712	0			
1.9061	2	1.9785	0			
1.9134	1	1.9858	0			
1.9208	1	1.9931	0			
1.9281	1	2.0005	0			
1.9354	3	2.0078	0			
1.9428	4	2.0151	0			
1.9501	2	2.0225	0			
1.9574	3	2.0298	0			
1.9648	1	2.0371	0			
1.9721	1	2.0445	0			
1.9794	3	2.0518	0			
1.9868	0	2.0591	0			
1.9941	1	2.0665	0			
2.0014	2	2.0738	0			
2.0088	1	2.0811	0			
2.0161	1	2.0885	0			
2.0234	1	2.0958	0			
2.0307	1	2.1031	0			
2.0381	1	2.1104	0			
2.0454	3	2.1178	0			
2.0527	0	2.1251	0			
2.0601	2	2.1324	0			
2.0674	3	2.1398	0			
2.0747	2	2.1471	0			
2.0821	6	2.1544	0			
2.0894	3	2.1618	0			
2.0967	0	2.1691	0			
2.1041	2	2.1764	1			
2.1114	2	2.1838	0			
2.1187	0	2.1911	0			
2.1261	1	2.1984	0			
2.1334	3	2.2058	0			
2.1407	0	2.2131	0			
2.148	3	2.2204	0			
2.1554	2	2.2277	0			
2.1627	5	2.2351	0			
2.17	3	2.2424	0			
2.1774	5	2.2497	0			
2.1847	2	2.2571	0			
2.192	1	2.2644	0			
2.1994	1	2.2717	0			
2.2067	3	2.2791	0			
2.214	2	2.2864	0			
2.2214	1	2.2937	0			
2.2287	2	2.3011	0			
2.236	2	2.3084	0			
2.2434	2	2.3157	0			
2.2507	3	2.3231	1			
2.258	2	2.3304	0			
2.2653	4	2.3377	0			
2.2727	2	2.345	0			
2.28	6	2.3524	0			
2.2873	1	2.3597	0			
2.2947	4	2.367	0			
2.302	2	2.3744	0			
2.3093	1	2.3817	0			
2.3167	2	2.389	0			
2.324	3	2.3964	0			
2.3313	2	2.4037	0			
2.3387	1	2.411	0			
2.346	1	2.4184	0			
2.3533	4	2.4257	0			
2.3607	2	2.433	0			
2.368	3	2.4404	0			
2.3753	3	2.4477	0			
2.3826	2	2.455	0			
2.39	2	2.4623	1			
2.3973	5	2.4697	1			
2.4046	1	2.477	1			
2.412	2	2.4843	1			
2.4193	3	2.4917	0			
2.4266	2	2.499	0			
2.434	3	2.5063	0			
2.4413	4	2.5137	1			
2.4486	3	2.521	0			
2.456	3	2.5283	0			
2.4633	2	2.5357	2			
2.4706	4	2.543	0			
2.478	4	2.5503	3			
2.4853	1	2.5577	0			
2.4926	2	2.565	3			
2.5001	5	2.5723	3			
2.5073	3	2.5796	3			
2.5146	2	2.587	2			
2.5219	1	2.5943	1			
2.5293	2	2.6016	3			
2.5366	2	2.609	2			
2.5439	3	2.6163	3			
2.5513	3	2.6236	5			
2.5586	1	2.631	8			
2.5659	2	2.6383	3			
2.5733	3	2.6456	2			
2.5806	2	2.653	4			
2.5879	3	2.6603	9			
2.5953	2	2.6676	9			
2.6026	3	2.675	12			
2.6099	4	2.6823	12			
2.6172	4	2.6896	15			
2.6246	6	2.6969	17			
2.6319	3	2.7043	25			
2.6392	5	2.7116	39			
2.6466	6	2.7189	62			
2.6539	4	2.7263	91			
2.6612	6	2.7336	128			
2.6686	10	2.7409	198			
2.6759	9	2.7483	310			
2.6832	12	2.7556	550			
2.6906	16	2.7629	905			
2.6979	12	2.7703	1388			
2.7052	19	2.7776	2194			
2.7126	23	2.7849	3487			
2.7199	22	2.7923	4801			
2.7272	33	2.7996	6457			
2.7345	56	2.8069	8090			
2.7419	64	2.8142	9559			
2.7492	98	2.8216	10639			
2.7565	175	2.8289	10984			
2.7639	234	2.8362	11046			
2.7712	374	2.8436	10224			
2.7785	589	2.8509	9325			
2.7859	908	2.8582	8087			
2.7932	1287	2.8656	6541			
2.8005	1908	2.8729	5270			
2.8079	2603	2.8802	4254			
2.8152	3440	2.8876	3264			
2.8225	4349	2.8949	2403			
2.8299	5277	2.9022	1861			
2.8372	6277	2.9096	1411			
2.8445	7241	2.9169	1087			
2.8518	8007	2.9242	856			
2.8592	8732	2.9315	660			
2.8665	9246	2.9389	558			
2.8738	9686	2.9462	437			
2.8812	10068	2.9535	407			
2.8885	10280	2.9609	299			
2.8958	10514	2.9682	274			
2.9032	10472	2.9755	290			
2.9105	10594	2.9829	233			
2.9178	10665	2.9902	261			
2.9252	10620	2.9975	248			
2.9325	10824	3.0049	261			
2.9398	10880	3.0122	263			
2.9472	10836	3.0195	244			
2.9545	10683	3.0269	266			
2.9618	10902	3.0342	293			
2.9691	10765	3.0415	243			
2.9765	11046	3.0488	262			
2.9838	10741	3.0562	269			
2.9911	10784	3.0635	271			
2.9985	10628	3.0708	235			
3.0058	10747	3.0782	276			
3.0131	10674	3.0855	276			
3.0205	10553	3.0928	233			
3.0278	10691	3.1002	236			
3.0351	10469	3.1075	244			
3.0425	10778	3.1148	192			
3.0498	10734	3.1222	230			
3.0571	10825	3.1295	225			
3.0645	10703	3.1368	219			
3.0718	10575	3.1442	238			
3.0791	10863	3.1515	232			
3.0864	10775	3.1588	242			
3.0938	10626	3.1661	258			
3.1011	10923	3.1735	237			
3.1084	10854	3.1808	271			
3.1158	10642	3.1881	292			
3.1231	10690	3.1955	258			
3.1304	10849	3.2028	246			
3.1378	10610	3.2101	276			
3.1451	10670	3.2175	266			
3.1524	10719	3.2248	282			
3.1598	10724	3.2321	263			
3.1671	10642	3.2395	296			
3.1744	10685	3.2468	239			
3.1818	10958	3.2541	233			
3.1891	10736	3.2615	248			
3.1964	10484	3.2688	238			
3.2037	10722	3.2761	228			
3.2111	10620	3.2834	195			
3.2184	10610	3.2908	175			
3.2257	10603	3.2981	153			
3.2331	10880	3.3054	135			
3.2404	10643	3.3128	133			
3.2477	10473	3.3201	95			
3.2551	10566	3.3274	76			
3.2624	10731	3.3348	91			
3.2697	10695	3.3421	71			
3.2771	10603	3.3494	48			
3.2844	10525	3.3568	58			
3.2917	10506	3.3641	45			
3.299	10559	3.3714	52			
3.3064	10636	3.3788	52			
3.3137	10475	3.3861	31			
3.321	10479	3.3934	45			
3.3284	10501	3.4007	48			
3.3357	10370	3.4081	42			
3.343	10537	3.4154	44			
3.3504	10421	3.4227	48			
3.3577	10520	3.4301	40			
3.365	10503	3.4374	43			
3.3724	10473	3.4447	41			
3.3797	10382	3.4521	28			
3.387	10298	3.4594	41			
3.3944	10326	3.4667	28			
3.4017	10336	3.4741	30			
3.409	10571	3.4814	20			
3.4163	10242	3.4887	30			
3.4237	10288	3.496	24			
3.431	10493	3.5034	18			
3.4383	10195	3.5107	33			
3.4457	10207	3.518	17			
3.453	10208	3.5254	29			
3.4603	10190	3.5327	20			
3.4677	10221	3.54	20			
3.475	10126	3.5474	14			
3.4823	10131	3.5547	20			
3.4897	10069	3.562	22			
3.497	10007	3.5694	16			
3.5043	10064	3.5767	20			
3.5117	10047	3.584	18			
3.519	10025	3.5914	14			
3.5263	10099	3.5987	19			
3.5336	9993	3.606	22			
3.541	9873	3.6133	11			
3.5483	9890	3.6207	14			
3.5556	9906	3.628	14			
3.563	9987	3.6353	13			
3.5703	9845	3.6427	14			
3.5776	9806	3.65	12			
3.585	9864	3.6573	6			
3.5923	9913	3.6647	13			
3.5996	9806	3.672	9			
3.607	9830	3.6793	12			
3.6143	9489	3.6867	10			
3.6216	9834	3.694	9			
3.629	9576	3.7013	6			
3.6363	9692	3.7087	8			
3.6436	9524	3.716	13			
3.6509	9552	3.7233	11			
3.6583	9603	3.7306	11			
3.6656	9764	3.738	8			
3.6729	9461	3.7453	9			
3.6803	9498	3.7526	10			
3.6876	9451	3.76	10			
3.6949	9336	3.7673	14			
3.7023	9503	3.7746	14			
3.7096	9356	3.782	12			
3.7169	9359	3.7893	14			
3.7243	9355	3.7966	16			
3.7316	9236	3.804	9			
3.7389	9109	3.8113	11			
3.7463	9189	3.8186	9			
3.7536	9345	3.826	10			
3.7609	9403	3.8333	7			
3.7682	9298	3.8406	4			
3.7756	9203	3.8479	3			
3.7829	8970	3.8553	3			
3.7902	9242	3.8626	1			
3.7976	9311	3.8699	2			
3.8049	9322	3.8773	4			
3.8122	9036	3.8846	4			
3.8196	9119	3.8919	3			
3.8269	9323	3.8993	0			
3.8342	9178	3.9066	3			
3.8416	9054	3.9139	2			
3.8489	8987	3.9213	1			
3.8562	8911	3.9286	3			
3.8636	8885	3.9359	2			
3.8709	9026	3.9433	2			
3.8782	8936	3.9506	6			
3.8855	8848	3.9579	6			
3.8929	8861	3.9652	2			
3.9002	8806	3.9726	4			
3.9075	8882	3.9799	10			
3.9149	9032	3.9872	10			
3.9222	8957	3.9946	10			
3.9295	8776	4.0019	9			
3.9369	8839	4.0092	7			
3.9442	8812	4.0166	8			
3.9515	8670	4.0239	13			
3.9589	8801	4.0312	8			
3.9662	8666	4.0386	5			
3.9735	8834	4.0459	6			
3.9809	8861	4.0532	6			
3.9882	8537	4.0606	6			
3.9955	8760	4.0679	1			
4.0028	8515	4.0752	5			
4.0102	8619	4.0825	1			
4.0175	8543	4.0899	3			
4.0248	8795	4.0972	1			
4.0322	8562	4.1045	3			
4.0395	8694	4.1119	0			
4.0468	8420	4.1192	3			
4.0542	8577	4.1265	0			
4.0615	8559	4.1339	1			
4.0688	8680	4.1412	0			
4.0762	8349	4.1485	3			
4.0835	8512	4.1559	2			
4.0908	8427	4.1632	0			
4.0982	8412	4.1705	1			
4.1055	8366	4.1779	0			
4.1128	8409	4.1852	0			
4.1201	8388	4.1925	3			
4.1275	8389	4.1998	2			
4.1348	8162	4.2072	1			
4.1421	8149	4.2145	0			
4.1495	8353	4.2218	0			
4.1568	8147	4.2292	0			
4.1641	8348	4.2365	0			
4.1715	8181	4.2438	1			
4.1788	8257	4.2512	1			
4.1861	8240	4.2585	1			
4.1935	8125	4.2658	0			
4.2008	8251	4.2732	0			
4.2081	8312	4.2805	0			
4.2155	7857	4.2878	1			
4.2228	8085	4.2952	1			
4.2301	8074	4.3025	0			
4.2374	7975	4.3098	2			
4.2448	8062	4.3171	0			
4.2521	7988	4.3245	0			
4.2594	8070	4.3318	1			
4.2668	8139	4.3391	0			
4.2741	8204	4.3465	0			
4.2814	7943	4.3538	1			
4.2888	7877	4.3611	0			
4.2961	7882	4.3685	2			
4.3034	8068	4.3758	1			
4.3108	8012	4.3831	1			
4.3181	8020	4.3905	0			
4.3254	7842	4.3978	2			
4.3328	7823	4.4051	0			
4.3401	7921	4.4125	0			
4.3474	7898	4.4198	1			
4.3547	7699	4.4271	0			
4.3621	7776	4.4344	0			
4.3694	7772	4.4418	0			
4.3767	7659	4.4491	0			
4.3841	7734	4.4564	0			
4.3914	7728	4.4638	1			
4.3987	7753	4.4711	2			
4.4061	7583	4.4784	1			
4.4134	7760	4.4858	0			
4.4207	7625	4.4931	0			
4.4281	7582	4.5004	0			
4.4354	7558	4.5078	0			
4.4427	7610	4.5151	0			
4.4501	7520	4.5224	0			
4.4574	7718	4.5298	1			
4.4647	7608	4.5371	0			
4.472	7531	4.5444	0			
4.4794	7459	4.5517	0			
4.4867	7406	4.5591	1			
4.494	7459	4.5664	0			
4.5014	7467	4.5737	0			
4.5087	7523	4.5811	0			
4.516	7454	4.5884	0			
4.5234	7333	4.5957	0			
4.5307	7424	4.6031	0			
4.538	7404	4.6104	0			
4.5454	7469	4.6177	1			
4.5527	7599	4.6251	0			
4.56	7317	4.6324	0			
4.5674	7263	4.6397	0			
4.5747	7267	4.6471	1			
4.582	7322	4.6544	0			
4.5893	7392	4.6617	1			
4.5967	7178	4.669	0			
4.604	7325	4.6764	0			
4.6113	7156	4.6837	0			
4.6187	7035	4.691	0			
4.626	7165	4.6984	0			
4.6333	7263	4.7057	0			
4.6407	7113	4.713	1			
4.648	7195	4.7204	1			
4.6553	6912	4.7277	1			
4.6627	6993	4.735	0			
4.67	7237	4.7424	0			
4.6773	7031	4.7497	0			
4.6847	7045	4.757	0			
4.692	6995	4.7644	0			
4.6993	6923	4.7717	0			
4.7066	7059	4.779	0			
4.714	7011	4.7863	1			
4.7213	6975	4.7937	0			
4.7286	6882	4.801	0			
4.736	6993	4.8083	0			
4.7433	7053	4.8157	0			
4.7506	6899	4.823	0			
4.758	7085	4.8303	0			
4.7653	6884	4.8377	0			
4.7726	6891	4.845	1			
4.78	6802	4.8523	0			
4.7873	6788	4.8597	1			
4.7946	6879	4.867	0			
4.802	6967	4.8743	0			
4.8093	6913	4.8817	0			
4.8166	6896	4.889	1			
4.8239	6828	4.8963	0			
4.8313	7036	4.9036	0			
4.8386	6835	4.911	0			
4.8459	6858	4.9183	1			
4.8533	6762	4.9256	0			
4.8606	6675	4.933	0			
4.8679	6735	4.9403	2			
4.8753	6746	4.9476	0			
4.8826	6927	4.955	0			
4.8899	6644	4.9623	1			
4.8973	6745	4.9696	0			
4.9046	6639	4.977	1			
4.9119	6586	4.9843	0			
4.9192	6549	4.9916	0			
4.9266	6685	4.999	0			
4.9339	6754	5.0063	2			
4.9412	6566	5.0136	0			
4.9486	6539	5.0209	1			
4.9559	6626	5.0283	0			
4.9632	6673	5.0356	2			
4.9706	6461	5.0429	0			
4.9779	6423	5.0503	1			
4.9852	6677	5.0576	0			
4.9926	6519	5.0649	0			
5.0001	6405	5.0723	1			
5.0072	6606	5.0796	0			
5.0146	6526	5.0869	0			
5.0219	6512	5.0943	0			
5.0292	6615	5.1016	1			
5.0365	6331	5.1089	0			
5.0439	6399	5.1162	0			
5.0512	6505	5.1236	0			
5.0585	6313	5.1309	0			
5.0659	6418	5.1382	0			
5.0732	6535	5.1456	0			
5.0805	6296	5.1529	0			
5.0879	6412	5.1602	0			
5.0952	6398	5.1676	0			
5.1025	6269	5.1749	0			
5.1099	6360	5.1822	1			
5.1172	6169	5.1896	0			
5.1245	6183	5.1969	0			
5.1319	6318	5.2042	0			
5.1392	6253	5.2116	0			
5.1465	6203	5.2189	0			
5.1538	6125	5.2262	0			
5.1612	6064	5.2335	0			
5.1685	6188	5.2409	0			
5.1758	6119	5.2482	1			
5.1832	5956	5.2555	0			
5.1905	6046	5.2629	0			
5.1978	6273	5.2702	0			
5.2052	6239	5.2775	0			
5.2125	6186	5.2849	0			
5.2198	6104	5.2922	0			
5.2272	6036	5.2995	1			
5.2345	6140	5.3069	0			
5.2418	6078	5.3142	0			
5.2492	6085	5.3215	0			
5.2565	6098	5.3289	1			
5.2638	5968	5.3362	0			
5.2711	6073	5.3435	0			
5.2785	6113	5.3508	0			
5.2858	6105	5.3582	0			
5.2931	5948	5.3655	0			
5.3005	6012	5.3728	0			
5.3078	6008	5.3802	0			
5.3151	5881	5.3875	0			
5.3225	6024	5.3948	0			
5.3298	5946	5.4022	1			
5.3371	5898	5.4095	0			
5.3445	5926	5.4168	0			
5.3518	5896	5.4242	0			
5.3591	5928	5.4315	0			
5.3665	5845	5.4388	0			
5.3738	5829	5.4462	1			
5.3811	5916	5.4535	0			
5.3884	5785	5.4608	0			
5.3958	5895	5.4681	0			
5.4031	5844	5.4755	0			
5.4104	5859	5.4828	0			
5.4178	5816	5.4901	0			
5.4251	5821	5.4975	0			
5.4324	5718	5.5048	0			
5.4398	5697	5.5121	0			
5.4471	5806	5.5195	0			
5.4544	5751	5.5268	0			
5.4618	5914	5.5341	0			
5.4691	5744	5.5415	0			
5.4764	5751	5.5488	0			
5.4838	5572	5.5561	0			
5.4911	5568	5.5635	0			
5.4984	5664	5.5708	1			
5.5057	5633	5.5781	0			
5.5131	5725	5.5854	0			
5.5204	5632	5.5928	0			
5.5277	5795	5.6001	0			
5.5351	5576	5.6074	0			
5.5424	5632	5.6148	0			
5.5497	5693	5.6221	0			
5.5571	5454	5.6294	0			
5.5644	5598	5.6368	0			
5.5717	5575	5.6441	1			
5.5791	5627	5.6514	0			
5.5864	5607	5.6588	0			
5.5937	5438	5.6661	0			
5.6011	5551	5.6734	0			
5.6084	5434	5.6808	0			
5.6157	5543	5.6881	0			
5.623	5458	5.6954	0			
5.6304	5560	5.7027	0			
5.6377	5433	5.7101	0			
5.645	5463	5.7174	1			
5.6524	5528	5.7247	0			
5.6597	5401	5.7321	0			
5.667	5432	5.7394	0			
5.6744	5405	5.7467	0			
5.6817	5498	5.7541	0			
5.689	5458	5.7614	1			
5.6964	5381	5.7687	0			
5.7037	5472	5.7761	0			
5.711	5422	5.7834	0			
5.7184	5301	5.7907	0			
5.7257	5385	5.7981	0			
5.733	5325	5.8054	1			
5.7403	5328	5.8127	0			
5.7477	5258	5.82	0			
5.755	5430	5.8274	0			
5.7623	5185	5.8347	0			
5.7697	5316	5.842	0			
5.777	5193	5.8494	1			
5.7843	5307	5.8567	0			
5.7917	5273	5.864	0			
5.799	5213	5.8714	0			
5.8063	5306	5.8787	0			
5.8137	5279	5.886	0			
5.821	5198	5.8934	0			
5.8283	5104	5.9007	0			
5.8357	5090	5.908	0			
5.843	5052	5.9154	0			
5.8503	5077	5.9227	0			
5.8576	5297	5.93	0			
5.865	4949	5.9373	1			
5.8723	5129	5.9447	0			
5.8796	5167	5.952	0			
5.887	5051	5.9593	0			
5.8943	5096	5.9667	0			
5.9016	5051	5.974	0			
5.909	5067	5.9813	0			
5.9163	5037	5.9887	0			
5.9236	5001	5.996	0			
5.931	4983	6.0033	0			
5.9383	5037	6.0107	0			
5.9456	5081	6.018	0			
5.953	5194	6.0253	0			
5.9603	5000	6.0327	0			
5.9676	5140	6.04	0			
5.9749	4930	6.0473	0			
5.9823	5015	6.0546	1			
5.9896	5042	6.062	1			
5.9969	5064	6.0693	0			
6.0043	4976	6.0766	1			
6.0116	5009	6.084	0			
6.0189	4995	6.0913	0			
6.0263	4902	6.0986	0			
6.0336	4948	6.106	0			
6.0409	4949	6.1133	0			
6.0483	4907	6.1206	1			
6.0556	4964	6.128	0			
6.0629	4942	6.1353	0			
6.0703	4790	6.1426	0			
6.0776	4823	6.15	0			
6.0849	4746	6.1573	0			
6.0922	4851	6.1646	0			
6.0996	4803	6.1719	1			
6.1069	4788	6.1793	0			
6.1142	4895	6.1866	0			
6.1216	4638	6.1939	0			
6.1289	4729	6.2013	0			
6.1362	4687	6.2086	0			
6.1436	4773	6.2159	0			
6.1509	4668	6.2233	0			
6.1582	4788	6.2306	0			
6.1656	4728	6.2379	0			
6.1729	4643	6.2453	0			
6.1802	4792	6.2526	0			
6.1876	4683	6.2599	0			
6.1949	4644	6.2673	0			
6.2022	4733	6.2746	0			
6.2095	4685	6.2819	0			
6.2169	4670	6.2892	0			
6.2242	4572	6.2966	0			
6.2315	4596	6.3039	1			
6.2389	4670	6.3112	0			
6.2462	4580	6.3186	0			
6.2535	4484	6.3259	0			
6.2609	4515	6.3332	0			
6.2682	4530	6.3406	0			
6.2755	4502	6.3479	0			
6.2829	4564	6.3552	0			
6.2902	4526	6.3626	0			
6.2975	4683	6.3699	0			
6.3049	4606	6.3772	0			
6.3122	4533	6.3846	0			
6.3195	4390	6.3919	0			
6.3268	4570	6.3992	0			
6.3342	4617	6.4065	0			
6.3415	4495	6.4139	0			
6.3488	4501	6.4212	0			
6.3562	4554	6.4285	0			
6.3635	4442	6.4359	0			
6.3708	4405	6.4432	0			
6.3782	4378	6.4505	0			
6.3855	4350	6.4579	0			
6.3928	4365	6.4652	0			
6.4002	4386	6.4725	0			
6.4075	4317	6.4799	0			
6.4148	4334	6.4872	1			
6.4222	4377	6.4945	0			
6.4295	4301	6.5019	1			
6.4368	4368	6.5092	0			
6.4441	4339	6.5165	0			
6.4515	4353	6.5238	0			
6.4588	4404	6.5312	0			
6.4661	4457	6.5385	0			
6.4735	4415	6.5458	0			
6.4808	4227	6.5532	0			
6.4881	4244	6.5605	0			
6.4955	4347	6.5678	2			
6.5028	4202	6.5752	0			
6.5101	4287	6.5825	0			
6.5175	4205	6.5898	0			
6.5248	4228	6.5972	0			
6.5321	4269	6.6045	0			
6.5394	4307	6.6118	0			
6.5468	4263	6.6192	1			
6.5541	4223	6.6265	0			
6.5614	4223	6.6338	0			
6.5688	4251	6.6411	0			
6.5761	4335	6.6485	0			
6.5834	4195	6.6558	0			
6.5908	4076	6.6631	0			
6.5981	4251	6.6705	0			
6.6054	4098	6.6778	1			
6.6128	4228	6.6851	0			
6.6201	4211	6.6925	0			
6.6274	4128	6.6998	0			
6.6348	4195	6.7071	0			
6.6421	4215	6.7145	0			
6.6494	4148	6.7218	0			
6.6567	4115	6.7291	1			
6.6641	4112	6.7364	0			
6.6714	4101	6.7438	0			
6.6787	4096	6.7511	0			
6.6861	4145	6.7584	0			
6.6934	4086	6.7658	0			
6.7007	4053	6.7731	0			
6.7081	3978	6.7804	0			
6.7154	3992	6.7878	0			
6.7227	4054	6.7951	0			
6.7301	4022	6.8024	0			
6.7374	4062	6.8098	0			
6.7447	3991	6.8171	0			
6.7521	3932	6.8244	0			
6.7594	3984	6.8318	0			
6.7667	4130	6.8391	0			
6.774	3972	6.8464	1			
6.7814	3988	6.8537	0			
6.7887	3995	6.8611	0			
6.796	3947	6.8684	0			
6.8034	3937	6.8757	0			
6.8107	3933	6.8831	0			
6.818	3988	6.8904	0			
6.8254	3892	6.8977	1			
6.8327	3897	6.9051	0			
6.84	4002	6.9124	0			
6.8474	3911	6.9197	0			
6.8547	4023	6.9271	0			
6.862	3853	6.9344	0			
6.8694	3870	6.9417	0			
6.8767	3927	6.9491	0			
6.884	3867	6.9564	0			
6.8913	3919	6.9637	0			
6.8987	3763	6.971	0			
6.906	3914	6.9784	1			
6.9133	3739	6.9857	0			
6.9207	3765	6.993	0			
6.928	3824	7.0004	0			
6.9353	3835	7.0077	0			
6.9427	3855	7.015	0			
6.95	3834	7.0224	0			
6.9573	3673	7.0297	0			
6.9647	3761	7.037	0			
6.972	3763	7.0444	0			
6.9793	3810	7.0517	0			
6.9867	3795	7.059	0			
6.994	3822	7.0664	0			
7.0013	3883	7.0737	0			
7.0086	3842	7.081	0			
7.016	3766	7.0883	0			
7.0233	3905	7.0957	0			
7.0306	3657	7.103	0			
7.038	3733	7.1103	1			
7.0453	3768	7.1177	0			
7.0526	3690	7.125	0			
7.06	3710	7.1323	0			
7.0673	3695	7.1397	0			
7.0746	3669	7.147	0			
7.082	3626	7.1543	0			
7.0893	3693	7.1617	0			
7.0966	3643	7.169	0			
7.104	3655	7.1763	0			
7.1113	3640	7.1837	1			
7.1186	3684	7.191	1			
7.1259	3669	7.1983	0			
7.1333	3628	7.2056	0			
7.1406	3532	7.213	0			
7.1479	3559	7.2203	0			
7.1553	3603	7.2276	0			
7.1626	3686	7.235	0			
7.1699	3509	7.2423	0			
7.1773	3633	7.2496	0			
7.1846	3724	7.257	0			
7.1919	3479	7.2643	0			
7.1993	3589	7.2716	1			
7.2066	3453	7.279	0			
7.2139	3522	7.2863	0			
7.2213	3526	7.2936	0			
7.2286	3487	7.301	0			
7.2359	3537	7.3083	0			
7.2432	3418	7.3156	1			
7.2506	3455	7.3229	0			
7.2579	3634	7.3303	0			
7.2652	3398	7.3376	1			
7.2726	3466	7.3449	0			
7.2799	3386	7.3523	0			
7.2872	3473	7.3596	0			
7.2946	3455	7.3669	0			
7.3019	3395	7.3743	0			
7.3092	3452	7.3816	0			
7.3166	3411	7.3889	1			
7.3239	3389	7.3963	0			
7.3312	3473	7.4036	0			
7.3386	3410	7.4109	0			
7.3459	3268	7.4183	0			
7.3532	3376	7.4256	0			
7.3605	3325	7.4329	0			
7.3679	3366	7.4402	0			
7.3752	3426	7.4476	0			
7.3825	3276	7.4549	0			
7.3899	3288	7.4622	1			
7.3972	3343	7.4696	0			
7.4045	3261	7.4769	0			
7.4119	3264	7.4842	0			
7.4192	3322	7.4916	0			
7.4265	3332	7.4989	0			
7.4339	3398	7.5062	0			
7.4412	3344	7.5136	0			
7.4485	3388	7.5209	1			
7.4559	3338	7.5282	0			
7.4632	3363	7.5356	0			
7.4705	3257	7.5429	0			
7.4778	3297	7.5502	0			
7.4852	3209	7.5575	0			
7.4925	3350	7.5649	0			
7.4998	3176	7.5722	0			
7.5072	3181	7.5795	0			
7.5145	3299	7.5869	0			
7.5218	3240	7.5942	0			
7.5292	3134	7.6015	0			
7.5365	3225	7.6089	0			
7.5438	3160	7.6162	0			
7.5512	3200	7.6235	0			
7.5585	3178	7.6309	0			
7.5658	3150	7.6382	0			
7.5732	3169	7.6455	0			
7.5805	3179	7.6529	1			
7.5878	3086	7.6602	0			
7.5951	3179	7.6675	1			
7.6025	3257	7.6748	1			
7.6098	3199	7.6822	0			
7.6171	3130	7.6895	0			
7.6245	3237	7.6968	0			
7.6318	3190	7.7042	0			
7.6391	3094	7.7115	0			
7.6465	3101	7.7188	0			
7.6538	3104	7.7262	0			
7.6611	3182	7.7335	0			
7.6685	2991	7.7408	0			
7.6758	3098	7.7482	0			
7.6831	2929	7.7555	1			
7.6905	3072	7.7628	0			
7.6978	2986	7.7702	1			
7.7051	3102	7.7775	0			
7.7124	3000	7.7848	0			
7.7198	3012	7.7921	0			
7.7271	3028	7.7995	0			
7.7344	2986	7.8068	0			
7.7418	3024	7.8141	0			
7.7491	2928	7.8215	0			
7.7564	3016	7.8288	0			
7.7638	3002	7.8361	0			
7.7711	3083	7.8435	0			
7.7784	3036	7.8508	0			
7.7858	3036	7.8581	0			
7.7931	2970	7.8655	0			
7.8004	2937	7.8728	0			
7.8078	2971	7.8801	1			
7.8151	2901	7.8875	0			
7.8224	2983	7.8948	0			
7.8297	2923	7.9021	0			
7.8371	2969	7.9094	0			
7.8444	2933	7.9168	0			
7.8517	2956	7.9241	0			
7.8591	2938	7.9314	0			
7.8664	2914	7.9388	0			
7.8737	2849	7.9461	0			
7.8811	2901	7.9534	0			
7.8884	2843	7.9608	0			
7.8957	3019	7.9681	0			
7.9031	2876	7.9754	1			
7.9104	2936	7.9828	0			
7.9177	2955	7.9901	0			
7.9251	2888	7.9974	0			
7.9324	2811	8.0048	0			
7.9397	2922	8.0121	1			
7.947	2912	8.0194	0			
7.9544	2892	8.0267	0			
7.9617	2917	8.0341	0			
7.969	2839	8.0414	0			
7.9764	2874	8.0487	0			
7.9837	2831	8.0561	0			
7.991	2863	8.0634	0			
7.9984	2855	8.0707	0			
8.0057	2804	8.0781	0			
8.013	2820	8.0854	0			
8.0204	2783	8.0927	0			
8.0277	2868	8.1001	0			
8.035	2806	8.1074	0			
8.0424	2783	8.1147	0			
8.0497	2814	8.1221	0			
8.057	2721	8.1294	1			
8.0643	2704	8.1367	0			
8.0717	2745	8.144	1			
8.079	2884	8.1514	0			
8.0863	2782	8.1587	0			
8.0937	2778	8.166	1			
8.101	2803	8.1734	0			
8.1083	2755	8.1807	0			
8.1157	2665	8.188	0			
8.123	2665	8.1954	0			
8.1303	2671	8.2027	0			
8.1377	2783	8.21	0			
8.145	2763	8.2174	0			
8.1523	2651	8.2247	0			
8.1596	2693	8.232	0			
8.167	2653	8.2394	0			
8.1743	2786	8.2467	0			
8.1816	2702	8.254	0			
8.189	2639	8.2613	0			
8.1963	2692	8.2687	0			
8.2036	2649	8.276	0			
8.211	2680	8.2833	0			
8.2183	2673	8.2907	0			
8.2256	2666	8.298	0			
8.233	2621	8.3053	0			
8.2403	2621	8.3127	0			
8.2476	2599	8.32	0			
8.255	2650	8.3273	0			
8.2623	2612	8.3347	0			
8.2696	2580	8.342	0			
8.2769	2594	8.3493	0			
8.2843	2650	8.3566	0			
8.2916	2601	8.364	0			
8.2989	2631	8.3713	0			
8.3063	2576	8.3786	0			
8.3136	2572	8.386	0			
8.3209	2594	8.3933	0			
8.3283	2591	8.4006	0			
8.3356	2596	8.408	0			
8.3429	2513	8.4153	0			
8.3503	2515	8.4226	0			
8.3576	2536	8.43	0			
8.3649	2577	8.4373	0			
8.3723	2623	8.4446	1			
8.3796	2516	8.452	0			
8.3869	2554	8.4593	0			
8.3942	2502	8.4666	0			
8.4016	2638	8.4739	0			
8.4089	2555	8.4813	1			
8.4162	2482	8.4886	0			
8.4236	2476	8.4959	0			
8.4309	2550	8.5033	0			
8.4382	2438	8.5106	0			
8.4456	2566	8.5179	1			
8.4529	2534	8.5253	0			
8.4602	2455	8.5326	0			
8.4676	2445	8.5399	0			
8.4749	2439	8.5473	0			
8.4822	2407	8.5546	0			
8.4896	2507	8.5619	0			
8.4969	2462	8.5693	0			
8.5042	2484	8.5766	0			
8.5115	2533	8.5839	0			
8.5189	2510	8.5912	0			
8.5262	2396	8.5986	0			
8.5335	2485	8.6059	0			
8.5409	2462	8.6132	0			
8.5482	2366	8.6206	0			
8.5555	2403	8.6279	0			
8.5629	2383	8.6352	1			
8.5702	2292	8.6426	0			
8.5775	2367	8.6499	0			
8.5849	2464	8.6572	0			
8.5922	2340	8.6646	0			
8.5995	2427	8.6719	0			
8.6069	2430	8.6792	0			
8.6142	2398	8.6866	0			
8.6215	2370	8.6939	0			
8.6288	2407	8.7012	0			
8.6362	2393	8.7085	0			
8.6435	2323	8.7159	0			
8.6508	2340	8.7232	0			
8.6582	2331	8.7305	1			
8.6655	2307	8.7379	0			
8.6728	2363	8.7452	0			
8.6802	2357	8.7525	0			
8.6875	2345	8.7599	0			
8.6948	2312	8.7672	0			
8.7022	2308	8.7745	0			
8.7095	2369	8.7819	0			
8.7168	2302	8.7892	0			
8.7242	2315	8.7965	0			
8.7315	2244	8.8039	0			
8.7388	2346	8.8112	0			
8.7461	2291	8.8185	0			
8.7535	2311	8.8258	0			
8.7608	2315	8.8332	0			
8.7681	2255	8.8405	0			
8.7755	2316	8.8478	0			
8.7828	2237	8.8552	0			
8.7901	2237	8.8625	0			
8.7975	2209	8.8698	1			
8.8048	2240	8.8772	0			
8.8121	2142	8.8845	1			
8.8195	2162	8.8918	0			
8.8268	2268	8.8992	0			
8.8341	2198	8.9065	0			
8.8415	2246	8.9138	0			
8.8488	2240	8.9212	0			
8.8561	2187	8.9285	0			
8.8634	2178	8.9358	0			
8.8708	2144	8.9431	0			
8.8781	2213	8.9505	0			
8.8854	2191	8.9578	0			
8.8928	2148	8.9651	0			
8.9001	2172	8.9725	0			
8.9074	2191	8.9798	0			
8.9148	2167	8.9871	0			
8.9221	2129	8.9945	0			
8.9294	2164	9.0018	0			
8.9368	2180	9.0091	0			
8.9441	2219	9.0165	0			
8.9514	2158	9.0238	1			
8.9588	2166	9.0311	0			
8.9661	2176	9.0385	0			
8.9734	2243	9.0458	0			
8.9807	2213	9.0531	0			
8.9881	2109	9.0604	0			
8.9954	2050	9.0678	0			
9.0027	2156	9.0751	0			
9.0101	2130	9.0824	0			
9.0174	2108	9.0898	0			
9.0247	2108	9.0971	0			
9.0321	2132	9.1044	0			
9.0394	2136	9.1118	0			
9.0467	2113	9.1191	0			
9.0541	2124	9.1264	0			
9.0614	2010	9.1338	0			
9.0687	2130	9.1411	0			
9.0761	2032	9.1484	0			
9.0834	2139	9.1558	0			
9.0907	2149	9.1631	0			
9.098	2032	9.1704	0			
9.1054	2020	9.1777	0			
9.1127	2068	9.1851	0			
9.12	2065	9.1924	0			
9.1274	2029	9.1997	0			
9.1347	2037	9.2071	0			
9.142	2116	9.2144	0			
9.1494	2012	9.2217	0			
9.1567	2059	9.2291	0			
9.164	2029	9.2364	0			
9.1714	2025	9.2437	0			
9.1787	2028	9.2511	0			
9.186	2037	9.2584	0			
9.1934	2056	9.2657	0			
9.2007	2116	9.2731	1			
9.208	1996	9.2804	0			
9.2153	2028	9.2877	0			
9.2227	2015	9.295	0			
9.23	2043	9.3024	0			
9.2373	1963	9.3097	0			
9.2447	1986	9.317	0			
9.252	1932	9.3244	0			
9.2593	1983	9.3317	0			
9.2667	1984	9.339	0			
9.274	2017	9.3464	0			
9.2813	1980	9.3537	0			
9.2887	1965	9.361	0			
9.296	1992	9.3684	0			
9.3033	1920	9.3757	0			
9.3107	1885	9.383	0			
9.318	1942	9.3904	0			
9.3253	1937	9.3977	0			
9.3326	1960	9.405	0			
9.34	2010	9.4123	0			
9.3473	1963	9.4197	0			
9.3546	1874	9.427	0			
9.362	1969	9.4343	0			
9.3693	2043	9.4417	1			
9.3766	1930	9.449	0			
9.384	1844	9.4563	0			
9.3913	1876	9.4637	0			
9.3986	1886	9.471	0			
9.406	1943	9.4783	0			
9.4133	1925	9.4857	0			
9.4206	1840	9.493	1			
9.428	1949	9.5003	0			
9.4353	1937	9.5077	0			
9.4426	1917	9.515	0			
9.4499	1843	9.5223	0			
9.4573	1935	9.5296	0			
9.4646	1831	9.537	1			
9.4719	1828	9.5443	0			
9.4793	1953	9.5516	0			
9.4866	1851	9.559	0			
9.4939	1834	9.5663	0			
9.5013	1800	9.5736	1			
9.5086	1826	9.581	1			
9.5159	1860	9.5883	0			
9.5233	1897	9.5956	0			
9.5306	1925	9.603	0			
9.5379	1890	9.6103	0			
9.5453	1887	9.6176	0			
9.5526	1844	9.625	0			
9.5599	1798	9.6323	0			
9.5672	1869	9.6396	0			
9.5746	1796	9.6469	0			
9.5819	1843	9.6543	0			
9.5892	1913	9.6616	1			
9.5966	1868	9.6689	0			
9.6039	1846	9.6763	0			
9.6112	1775	9.6836	0			
9.6186	1756	9.6909	0			
9.6259	1811	9.6983	0			
9.6332	1821	9.7056	0			
9.6406	1766	9.7129	0			
9.6479	1757	9.7203	0			
9.6552	1726	9.7276	1			
9.6626	1788	9.7349	0			
9.6699	1786	9.7423	0			
9.6772	1748	9.7496	0			
9.6845	1743	9.7569	1			
9.6919	1780	9.7642	0			
9.6992	1846	9.7716	0			
9.7065	1805	9.7789	0			
9.7139	1831	9.7862	0			
9.7212	1787	9.7936	0			
9.7285	1719	9.8009	1			
9.7359	1687	9.8082	0			
9.7432	1673	9.8156	0			
9.7505	1790	9.8229	2			
9.7579	1732	9.8302	0			
9.7652	1781	9.8376	1			
9.7725	1770	9.8449	0			
9.7798	1741	9.8522	1			
9.7872	1652	9.8596	0			
9.7945	1674	9.8669	0			
9.8018	1731	9.8742	0			
9.8092	1770	9.8815	0			
9.8165	1741	9.8889	0			
9.8238	1712	9.8962	0			
9.8312	1684	9.9035	0			
9.8385	1686	9.9109	0			
9.8458	1701	9.9182	0			
9.8532	1613	9.9255	0			
9.8605	1718	9.9329	0			
9.8678	1606	9.9402	0			
9.8752	1621	9.9475	0			
9.8825	1643	9.9549	0			
9.8898	1666	9.9622	0			
9.8971	1673	9.9695	0			
9.9045	1617	9.9768	0			
9.9118	1695	9.9842	1			
9.9191	1681	10.0085	1			
9.9265	1649	10.0012	1			
9.9338	1626	10.0062	0			
9.9411	1704	10.0135	0			
9.9485	1586	10.0208	0			
9.9558	1690	10.0282	0			
9.9631	1701	10.0355	0			
9.9705	1641	10.0428	1			
9.9778	1600	10.0502	0			
9.9851	1642	10.0575	0			
10.0075	1631	10.0648	0			
10.0002	1598	10.0722	0			
10.0071	1658	10.0795	0			
10.0144	1626	10.0868	0			
10.0218	1547	10.0941	0			
10.0291	1588	10.1015	1			
10.0364	1632	10.1088	0			
10.0438	1643	10.1161	0			
10.0511	1586	10.1235	0			
10.0584	1601	10.1308	1			
10.0658	1539	10.1381	0			
10.0731	1579	10.1455	0			
10.0804	1555	10.1528	0			
10.0878	1584	10.1601	0			
10.0951	1576	10.1675	0			
10.1024	1558	10.1748	0			
10.1098	1633	10.1821	1			
10.1171	1569	10.1895	0			
10.1244	1499	10.1968	0			
10.1317	1487	10.2041	0			
10.1391	1584	10.2114	1			
10.1464	1581	10.2188	0			
10.1537	1608	10.2261	0			
10.1611	1581	10.2334	1			
10.1684	1535	10.2408	0			
10.1757	1539	10.2481	0			
10.1831	1541	10.2554	0			
10.1904	1557	10.2628	1			
10.1977	1589	10.2701	0			
10.2051	1625	10.2774	1			
10.2124	1551	10.2848	0			
10.2197	1560	10.2921	0			
10.2271	1601	10.2994	0			
10.2344	1488	10.3068	0			
10.2417	1500	10.3141	0			
10.249	1555	10.3214	0			
10.2564	1544	10.3287	0			
10.2637	1507	10.3361	0			
10.271	1577	10.3434	0			
10.2784	1512	10.3507	1			
10.2857	1460	10.3581	0			
10.293	1460	10.3654	1			
10.3004	1543	10.3727	0			
10.3077	1479	10.3801	0			
10.315	1455	10.3874	0			
10.3224	1470	10.3947	1			
10.3297	1482	10.4021	0			
10.337	1464	10.4094	0			
10.3444	1504	10.4167	1			
10.3517	1470	10.4241	0			
10.359	1475	10.4314	0			
10.3663	1361	10.4387	0			
10.3737	1488	10.446	0			
10.381	1478	10.4534	0			
10.3883	1442	10.4607	0			
10.3957	1449	10.468	0			
10.403	1560	10.4754	0			
10.4103	1443	10.4827	0			
10.4177	1490	10.49	1			
10.425	1426	10.4974	0			
10.4323	1363	10.5047	0			
10.4397	1487	10.512	0			
10.447	1497	10.5194	0			
10.4543	1441	10.5267	0			
10.4617	1446	10.534	0			
10.469	1515	10.5414	0			
10.4763	1420	10.5487	0			
10.4836	1432	10.556	0			
10.491	1482	10.5633	0			
10.4983	1456	10.5707	0			
10.5056	1418	10.578	0			
10.513	1529	10.5853	0			
10.5203	1429	10.5927	0			
10.5276	1370	10.6	0			
10.535	1429	10.6073	0			
10.5423	1356	10.6147	0			
10.5496	1436	10.622	0			
10.557	1410	10.6293	0			
10.5643	1401	10.6367	0			
10.5716	1451	10.644	0			
10.579	1426	10.6513	0			
10.5863	1374	10.6587	0			
10.5936	1381	10.666	0			
10.6009	1397	10.6733	2			
10.6083	1375	10.6806	0			
10.6156	1425	10.688	0			
10.6229	1295	10.6953	0			
10.6303	1375	10.7026	2			
10.6376	1358	10.71	0			
10.6449	1348	10.7173	0			
10.6523	1456	10.7246	0			
10.6596	1364	10.732	1			
10.6669	1400	10.7393	0			
10.6743	1406	10.7466	0			
10.6816	1377	10.754	0			
10.6889	1435	10.7613	0			
10.6963	1353	10.7686	0			
10.7036	1375	10.776	0			
10.7109	1422	10.7833	0			
10.7182	1330	10.7906	0			
10.7256	1366	10.7979	0			
10.7329	1430	10.8053	0			
10.7402	1385	10.8126	1			
10.7476	1385	10.8199	0			
10.7549	1314	10.8273	0			
10.7622	1342	10.8346	0			
10.7696	1319	10.8419	0			
10.7769	1307	10.8493	0			
10.7842	1365	10.8566	0			
10.7916	1299	10.8639	0			
10.7989	1294	10.8713	0			
10.8062	1333	10.8786	0			
10.8136	1330	10.8859	0			
10.8209	1320	10.8933	1			
10.8282	1334	10.9006	0			
10.8355	1234	10.9079	0			
10.8429	1329	10.9152	0			
10.8502	1287	10.9226	0			
10.8575	1265	10.9299	0			
10.8649	1297	10.9372	0			
10.8722	1265	10.9446	0			
10.8795	1316	10.9519	0			
10.8869	1282	10.9592	0			
10.8942	1311	10.9666	0			
10.9015	1312	10.9739	0			
10.9089	1220	10.9812	0			
10.9162	1236	10.9886	0			
10.9235	1350	10.9959	0			
10.9309	1254	11.0032	0			
10.9382	1262	11.0106	0			
10.9455	1213	11.0179	0			
10.9528	1222	11.0252	0			
10.9602	1296	11.0325	0			
10.9675	1320	11.0399	0			
10.9748	1250	11.0472	0			
10.9822	1237	11.0545	0			
10.9895	1284	11.0619	0			
10.9968	1262	11.0692	0			
11.0042	1273	11.0765	0			
11.0115	1297	11.0839	0			
11.0188	1229	11.0912	0			
11.0262	1266	11.0985	0			
11.0335	1232	11.1059	0			
11.0408	1256	11.1132	0			
11.0482	1271	11.1205	0			
11.0555	1199	11.1279	0			
11.0628	1252	11.1352	0			
11.0701	1233	11.1425	0			
11.0775	1256	11.1498	0			
11.0848	1176	11.1572	0			
11.0921	1208	11.1645	0			
11.0995	1276	11.1718	0			
11.1068	1294	11.1792	0			
11.1141	1174	11.1865	1			
11.1215	1163	11.1938	0			
11.1288	1156	11.2012	0			
11.1361	1211	11.2085	0			
11.1435	1215	11.2158	0			
11.1508	1187	11.2232	0			
11.1581	1161	11.2305	0			
11.1655	1245	11.2378	0			
11.1728	1241	11.2452	0			
11.1801	1233	11.2525	1			
11.1874	1154	11.2598	0			
11.1948	1163	11.2671	0			
11.2021	1116	11.2745	0			
11.2094	1162	11.2818	0			
11.2168	1187	11.2891	0			
11.2241	1181	11.2965	1			
11.2314	1206	11.3038	0			
11.2388	1139	11.3111	0			
11.2461	1142	11.3185	0			
11.2534	1178	11.3258	0			
11.2608	1218	11.3331	0			
11.2681	1156	11.3405	0			
11.2754	1159	11.3478	0			
11.2827	1145	11.3551	0			
11.2901	1095	11.3625	0			
11.2974	1137	11.3698	0			
11.3047	1111	11.3771	0			
11.3121	1124	11.3844	0			
11.3194	1105	11.3918	0			
11.3267	1150	11.3991	0			
11.3341	1054	11.4064	0			
11.3414	1151	11.4138	0			
11.3487	1171	11.4211	0			
11.3561	1078	11.4284	0			
11.3634	1066	11.4358	0			
11.3707	1099	11.4431	0			
11.3781	1192	11.4504	0			
11.3854	1123	11.4578	0			
11.3927	1094	11.4651	1			
11.4	1129	11.4724	0			
11.4074	1132	11.4798	0			
11.4147	1100	11.4871	0			
11.422	1092	11.4944	0			
11.4294	1127	11.5017	0			
11.4367	1090	11.5091	0			
11.444	1123	11.5164	0			
11.4514	1071	11.5237	0			
11.4587	1037	11.5311	0			
11.466	1120	11.5384	0			
11.4734	1080	11.5457	0			
11.4807	1084	11.5531	0			
11.488	1101	11.5604	0			
11.4954	1085	11.5677	0			
11.5027	1082	11.5751	0			
11.51	1057	11.5824	0			
11.5173	1079	11.5897	0			
11.5247	1089	11.597	0			
11.532	1097	11.6044	0			
11.5393	1076	11.6117	0			
11.5467	1059	11.619	0			
11.554	1084	11.6264	0			
11.5613	1131	11.6337	0			
11.5687	1100	11.641	0			
11.576	1003	11.6484	0			
11.5833	1089	11.6557	0			
11.5907	1030	11.663	0			
11.598	1089	11.6704	0			
11.6053	1046	11.6777	0			
11.6127	1031	11.685	0			
11.62	1022	11.6924	0			
11.6273	1096	11.6997	0			
11.6346	1078	11.707	0			
11.642	1104	11.7143	0			
11.6493	1067	11.7217	0			
11.6566	980	11.729	0			
11.664	1033	11.7363	0			
11.6713	1056	11.7437	0			
11.6786	967	11.751	0			
11.686	1039	11.7583	0			
11.6933	1005	11.7657	0			
11.7006	1029	11.773	0			
11.708	1042	11.7803	0			
11.7153	1071	11.7877	1			
11.7226	998	11.795	0			
11.73	1013	11.8023	0			
11.7373	1054	11.8097	0			
11.7446	1013	11.817	0			
11.7519	1028	11.8243	0			
11.7593	994	11.8316	0			
11.7666	1002	11.839	0			
11.7739	1070	11.8463	0			
11.7813	958	11.8536	0			
11.7886	1012	11.861	0			
11.7959	1013	11.8683	0			
11.8033	1010	11.8756	0			
11.8106	984	11.883	0			
11.8179	984	11.8903	0			
11.8253	986	11.8976	0			
11.8326	959	11.905	0			
11.8399	1015	11.9123	0			
11.8473	912	11.9196	0			
11.8546	1086	11.927	0			
11.8619	984	11.9343	0			
11.8692	1020	11.9416	0			
11.8766	964	11.9489	0			
11.8839	946	11.9563	0			
11.8912	984	11.9636	0			
11.8986	971	11.9709	0			
11.9059	989	11.9783	0			
11.9132	944	11.9856	0			
11.9206	978	11.9929	0			
11.9279	955	12.0003	0			
11.9352	956	12.0076	0			
11.9426	952	12.0149	0			
11.9499	946	12.0223	0			
11.9572	970	12.0296	0			
11.9646	935	12.0369	0			
11.9719	916	12.0443	0			
11.9792	912	12.0516	0			
11.9865	932	12.0589	2			
11.9939	975	12.0662	0			
12.0012	932	12.0736	0			
12.0085	934	12.0809	1			
12.0159	978	12.0882	0			
12.0232	958	12.0956	0			
12.0305	917	12.1029	0			
12.0379	964	12.1102	0			
12.0452	902	12.1176	0			
12.0525	901	12.1249	0			
12.0599	918	12.1322	1			
12.0672	866	12.1396	0			
12.0745	908	12.1469	0			
12.0819	903	12.1542	0			
12.0892	916	12.1616	0			
12.0965	873	12.1689	0			
12.1038	916	12.1762	0			
12.1112	922	12.1835	0			
12.1185	959	12.1909	0			
12.1258	901	12.1982	0			
12.1332	944	12.2055	0			
12.1405	918	12.2129	0			
12.1478	912	12.2202	0			
12.1552	864	12.2275	0			
12.1625	885	12.2349	0			
12.1698	922	12.2422	0			
12.1772	932	12.2495	0			
12.1845	858	12.2569	0			
12.1918	893	12.2642	0			
12.1992	866	12.2715	0			
12.2065	933	12.2789	1			
12.2138	896	12.2862	1			
12.2211	827	12.2935	0			
12.2285	892	12.3008	1			
12.2358	907	12.3082	0			
12.2431	874	12.3155	0			
12.2505	880	12.3228	0			
12.2578	869	12.3302	0			
12.2651	839	12.3375	0			
12.2725	864	12.3448	0			
12.2798	919	12.3522	0			
12.2871	875	12.3595	0			
12.2945	853	12.3668	0			
12.3018	898	12.3742	0			
12.3091	881	12.3815	0			
12.3165	898	12.3888	0			
12.3238	857	12.3962	0			
12.3311	880	12.4035	0			
12.3384	911	12.4108	0			
12.3458	911	12.4181	0			
12.3531	827	12.4255	1			
12.3604	816	12.4328	0			
12.3678	852	12.4401	1			
12.3751	860	12.4475	0			
12.3824	800	12.4548	0			
12.3898	814	12.4621	0			
12.3971	867	12.4695	1			
12.4044	873	12.4768	0			
12.4118	873	12.4841	0			
12.4191	781	12.4915	0			
12.4264	852	12.4988	0			
12.4338	807	12.5061	0			
12.4411	805	12.5135	0			
12.4484	836	12.5208	0			
12.4557	833	12.5281	0			
12.4631	802	12.5354	0			
12.4704	829	12.5428	0			
12.4777	805	12.5501	0			
12.4851	777	12.5574	0			
12.4924	824	12.5648	0			
12.4997	807	12.5721	0			
12.5071	777	12.5794	0			
12.5144	826	12.5868	0			
12.5217	829	12.5941	0			
12.5291	801	12.6014	0			
12.5364	865	12.6088	0			
12.5437	815	12.6161	0			
12.5511	778	12.6234	0			
12.5584	821	12.6308	0			
12.5657	811	12.6381	1			
12.573	881	12.6454	0			
12.5804	839	12.6527	0			
12.5877	800	12.6601	0			
12.595	783	12.6674	0			
12.6024	752	12.6747	0			
12.6097	832	12.6821	0			
12.617	803	12.6894	0			
12.6244	790	12.6967	0			
12.6317	775	12.7041	0			
12.639	766	12.7114	0			
12.6464	825	12.7187	0			
12.6537	813	12.7261	0			
12.661	792	12.7334	0			
12.6684	748	12.7407	0			
12.6757	788	12.7481	0			
12.683	762	12.7554	0			
12.6903	792	12.7627	0			
12.6977	807	12.77	0			
12.705	773	12.7774	0			
12.7123	776	12.7847	0			
12.7197	753	12.792	0			
12.727	735	12.7994	0			
12.7343	776	12.8067	0			
12.7417	689	12.814	0			
12.749	788	12.8214	0			
12.7563	816	12.8287	0			
12.7637	778	12.836	0			
12.771	762	12.8434	1			
12.7783	707	12.8507	0			
12.7857	741	12.858	1			
12.793	738	12.8654	0			
12.8003	770	12.8727	0			
12.8076	756	12.88	0			
12.815	723	12.8873	0			
12.8223	758	12.8947	1			
12.8296	739	12.902	0			
12.837	734	12.9093	0			
12.8443	713	12.9167	0			
12.8516	754	12.924	0			
12.859	747	12.9313	0			
12.8663	757	12.9387	0			
12.8736	731	12.946	0			
12.881	762	12.9533	0			
12.8883	761	12.9607	1			
12.8956	710	12.968	0			
12.9029	735	12.9753	0			
12.9103	720	12.9827	1			
12.9176	708	12.99	0			
12.9249	726	12.9973	0			
12.9323	724	13.0046	0			
12.9396	763	13.012	0			
12.9469	701	13.0193	0			
12.9543	763	13.0266	0			
12.9616	733	13.034	0			
12.9689	759	13.0413	0			
12.9763	755	13.0486	0			
12.9836	709	13.056	0			
12.9909	743	13.0633	0			
12.9983	726	13.0706	0			
13.0056	760	13.078	0			
13.0129	737	13.0853	0			
13.0202	716	13.0926	0			
13.0276	753	13.1	0			
13.0349	740	13.1073	0			
13.0422	719	13.1146	0			
13.0496	722	13.1219	0			
13.0569	719	13.1293	0			
13.0642	718	13.1366	0			
13.0716	761	13.1439	0			
13.0789	697	13.1513	0			
13.0862	659	13.1586	0			
13.0936	733	13.1659	1			
13.1009	758	13.1733	0			
13.1082	715	13.1806	0			
13.1156	653	13.1879	1			
13.1229	724	13.1953	0			
13.1302	678	13.2026	0			
13.1375	685	13.2099	0			
13.1449	707	13.2172	0			
13.1522	687	13.2246	0			
13.1595	706	13.2319	0			
13.1669	691	13.2392	0			
13.1742	653	13.2466	0			
13.1815	707	13.2539	0			
13.1889	671	13.2612	0			
13.1962	697	13.2686	0			
13.2035	632	13.2759	0			
13.2109	716	13.2832	0			
13.2182	698	13.2906	0			
13.2255	682	13.2979	0			
13.2329	661	13.3052	0			
13.2402	663	13.3126	1			
13.2475	640	13.3199	1			
13.2548	717	13.3272	0			
13.2622	649	13.3345	0			
13.2695	733	13.3419	0			
13.2768	686	13.3492	0			
13.2842	669	13.3565	0			
13.2915	670	13.3639	1			
13.2988	633	13.3712	1			
13.3062	686	13.3785	0			
13.3135	677	13.3859	0			
13.3208	643	13.3932	1			
13.3282	671	13.4005	0			
13.3355	625	13.4079	0			
13.3428	650	13.4152	0			
13.3502	675	13.4225	0			
13.3575	620	13.4299	0			
13.3648	640	13.4372	0			
13.3721	625	13.4445	0			
13.3795	658	13.4518	0			
13.3868	653	13.4592	1			
13.3941	660	13.4665	0			
13.4015	607	13.4738	0			
13.4088	636	13.4812	1			
13.4161	660	13.4885	0			
13.4235	652	13.4958	0			
13.4308	605	13.5032	0			
13.4381	606	13.5105	1			
13.4455	655	13.5178	0			
13.4528	695	13.5252	0			
13.4601	647	13.5325	0			
13.4675	654	13.5398	0			
13.4748	606	13.5472	0			
13.4821	615	13.5545	0			
13.4894	633	13.5618	0			
13.4968	618	13.5691	0			
13.5041	588	13.5765	0			
13.5114	608	13.5838	1			
13.5188	608	13.5911	0			
13.5261	622	13.5985	0			
13.5334	584	13.6058	0			
13.5408	581	13.6131	0			
13.5481	623	13.6205	0			
13.5554	600	13.6278	0			
13.5628	628	13.6351	0			
13.5701	634	13.6425	0			
13.5774	635	13.6498	0			
13.5848	602	13.6571	0			
13.5921	588	13.6645	0			
13.5994	588	13.6718	0			
13.6067	636	13.6791	0			
13.6141	608	13.6864	0			
13.6214	602	13.6938	0			
13.6287	650	13.7011	1			
13.6361	583	13.7084	0			
13.6434	602	13.7158	0			
13.6507	659	13.7231	0			
13.6581	595	13.7304	0			
13.6654	577	13.7378	0			
13.6727	615	13.7451	0			
13.6801	609	13.7524	0			
13.6874	648	13.7598	0			
13.6947	580	13.7671	0			
13.7021	604	13.7744	0			
13.7094	623	13.7818	0			
13.7167	560	13.7891	0			
13.724	636	13.7964	0			
13.7314	556	13.8037	0			
13.7387	603	13.8111	0			
13.746	616	13.8184	0			
13.7534	635	13.8257	0			
13.7607	573	13.8331	0			
13.768	589	13.8404	0			
13.7754	548	13.8477	0			
13.7827	539	13.8551	0			
13.79	584	13.8624	0			
13.7974	553	13.8697	0			
13.8047	574	13.8771	0			
13.812	589	13.8844	0			
13.8194	596	13.8917	0			
13.8267	589	13.8991	0			
13.834	582	13.9064	0			
13.8413	614	13.9137	0			
13.8487	571	13.921	0			
13.856	601	13.9284	1			
13.8633	594	13.9357	0			
13.8707	575	13.943	0			
13.878	617	13.9504	0			
13.8853	590	13.9577	1			
13.8927	556	13.965	0			
13.9	539	13.9724	0			
13.9073	572	13.9797	0			
13.9147	573	13.987	1			
13.922	533	13.9944	0			
13.9293	567	14.0017	1			
13.9367	570	14.009	0			
13.944	567	14.0164	0			
13.9513	580	14.0237	0			
13.9586	604	14.031	0			
13.966	524	14.0383	0			
13.9733	554	14.0457	0			
13.9806	589	14.053	0			
13.988	574	14.0603	0			
13.9953	569	14.0677	0			
14.0026	587	14.075	0			
14.01	547	14.0823	0			
14.0173	577	14.0897	0			
14.0246	541	14.097	0			
14.032	557	14.1043	0			
14.0393	518	14.1117	0			
14.0466	539	14.119	0			
14.054	584	14.1263	0			
14.0613	538	14.1337	0			
14.0686	529	14.141	0			
14.0759	570	14.1483	1			
14.0833	533	14.1556	0			
14.0906	573	14.163	0			
14.0979	559	14.1703	0			
14.1053	496	14.1776	0			
14.1126	542	14.185	0			
14.1199	562	14.1923	2			
14.1273	527	14.1996	0			
14.1346	522	14.207	1			
14.1419	553	14.2143	0			
14.1493	537	14.2216	0			
14.1566	525	14.229	0			
14.1639	525	14.2363	0			
14.1713	525	14.2436	0			
14.1786	538	14.251	0			
14.1859	512	14.2583	0			
14.1932	509	14.2656	0			
14.2006	567	14.2729	0			
14.2079	505	14.2803	0			
14.2152	540	14.2876	0			
14.2226	536	14.2949	0			
14.2299	546	14.3023	0			
14.2372	534	14.3096	0			
14.2446	538	14.3169	0			
14.2519	508	14.3243	0			
14.2592	528	14.3316	1			
14.2666	525	14.3389	0			
14.2739	507	14.3463	0			
14.2812	532	14.3536	0			
14.2886	536	14.3609	1			
14.2959	531	14.3683	0			
14.3032	505	14.3756	0			
14.3105	488	14.3829	1			
14.3179	501	14.3902	0			
14.3252	564	14.3976	0			
14.3325	542	14.4049	0			
14.3399	483	14.4122	0			
14.3472	542	14.4196	0			
14.3545	478	14.4269	0			
14.3619	500	14.4342	0			
14.3692	534	14.4416	0			
14.3765	468	14.4489	0			
14.3839	511	14.4562	0			
14.3912	525	14.4636	1			
14.3985	501	14.4709	0			
14.4059	529	14.4782	0			
14.4132	475	14.4856	0			
14.4205	506	14.4929	0			
14.4278	472	14.5002	0			
14.4352	512	14.5075	0			
14.4425	469	14.5149	0			
14.4498	512	14.5222	0			
14.4572	483	14.5295	0			
14.4645	475	14.5369	0			
14.4718	516	14.5442	1			
14.4792	458	14.5515	0			
14.4865	499	14.5589	0			
14.4938	506	14.5662	0			
14.5012	464	14.5735	0			
14.5085	451	14.5809	0			
14.5158	468	14.5882	0			
14.5231	461	14.5955	0			
14.5305	488	14.6029	2			
14.5378	500	14.6102	0			
14.5451	460	14.6175	0			
14.5525	459	14.6248	0			
14.5598	476	14.6322	0			
14.5671	469	14.6395	0			
14.5745	460	14.6468	0			
14.5818	434	14.6542	0			
14.5891	456	14.6615	0			
14.5965	440	14.6688	0			
14.6038	505	14.6762	1			
14.6111	466	14.6835	0			
14.6185	470	14.6908	0			
14.6258	433	14.6982	0			
14.6331	454	14.7055	0			
14.6404	438	14.7128	1			
14.6478	469	14.7202	0			
14.6551	461	14.7275	0			
14.6624	459	14.7348	0			
14.6698	458	14.7421	0			
14.6771	491	14.7495	0			
14.6844	478	14.7568	0			
14.6918	450	14.7641	0			
14.6991	474	14.7715	0			
14.7064	458	14.7788	0			
14.7138	477	14.7861	0			
14.7211	459	14.7935	0			
14.7284	448	14.8008	0			
14.7358	464	14.8081	0			
14.7431	492	14.8155	0			
14.7504	425	14.8228	0			
14.7577	466	14.8301	0			
14.7651	438	14.8374	0			
14.7724	456	14.8448	0			
14.7797	454	14.8521	0			
14.7871	476	14.8594	0			
14.7944	436	14.8668	0			
14.8017	423	14.8741	0			
14.8091	460	14.8814	0			
14.8164	424	14.8888	0			
14.8237	421	14.8961	0			
14.8311	442	14.9034	0			
14.8384	457	14.9108	0			
14.8457	414	14.9181	0			
14.8531	450	14.9254	0			
14.8604	407	14.9328	0			
14.8677	475	14.9401	0			
14.875	416	14.9474	0			
14.8824	407	14.9547	0			
14.8897	432	14.9621	0			
14.897	424	14.9694	0			
14.9044	485	14.9767	0			
14.9117	428	14.9841	1			
14.919	464	14.9914	0			
14.9264	408	14.9987	0			
14.9337	426	15.0061	0			
14.941	429	15.0134	0			
14.9484	440	15.0207	0			
14.9557	400	15.0281	1			
14.963	415	15.0354	0			
14.9704	426	15.0427	0			
14.9777	407	15.0501	0			
14.985	437	15.0574	1			
14.9923	448	15.0647	0			
15.0003	414	15.072	0			
15.007	420	15.0794	0			
15.0143	440	15.0867	0			
15.0217	413	15.094	0			
15.029	438	15.1014	0			
15.0363	434	15.1087	0			
15.0437	417	15.116	0			
15.051	415	15.1234	0			
15.0583	451	15.1307	0			
15.0657	410	15.138	0			
15.073	416	15.1454	0			
15.0803	436	15.1527	0			
15.0877	408	15.16	0			
15.095	454	15.1674	2			
15.1023	410	15.1747	1			
15.1096	417	15.182	0			
15.117	475	15.1893	1			
15.1243	368	15.1967	0			
15.1316	399	15.204	0			
15.139	429	15.2113	1			
15.1463	397	15.2187	0			
15.1536	438	15.226	0			
15.161	416	15.2333	0			
15.1683	390	15.2407	0			
15.1756	417	15.248	0			
15.183	383	15.2553	0			
15.1903	367	15.2627	0			
15.1976	412	15.27	0			
15.205	400	15.2773	0			
15.2123	396	15.2847	0			
15.2196	372	15.292	0			
15.2269	375	15.2993	0			
15.2343	400	15.3066	0			
15.2416	380	15.314	0			
15.2489	415	15.3213	0			
15.2563	416	15.3286	1			
15.2636	395	15.336	0			
15.2709	424	15.3433	0			
15.2783	340	15.3506	0			
15.2856	373	15.358	0			
15.2929	388	15.3653	0			
15.3003	404	15.3726	0			
15.3076	386	15.38	1			
15.3149	383	15.3873	1			
15.3223	399	15.3946	0			
15.3296	369	15.402	0			
15.3369	395	15.4093	0			
15.3442	381	15.4166	0			
15.3516	373	15.4239	0			
15.3589	389	15.4313	0			
15.3662	394	15.4386	0			
15.3736	425	15.4459	0			
15.3809	362	15.4533	0			
15.3882	398	15.4606	0			
15.3956	367	15.4679	0			
15.4029	403	15.4753	0			
15.4102	429	15.4826	0			
15.4176	393	15.4899	0			
15.4249	385	15.4973	0			
15.4322	387	15.5046	0			
15.4396	381	15.5119	0			
15.4469	368	15.5193	1			
15.4542	393	15.5266	0			
15.4615	397	15.5339	0			
15.4689	392	15.5412	0			
15.4762	368	15.5486	0			
15.4835	367	15.5559	0			
15.4909	383	15.5632	0			
15.4982	395	15.5706	0			
15.5055	375	15.5779	0			
15.5129	377	15.5852	0			
15.5202	374	15.5926	1			
15.5275	372	15.5999	0			
15.5349	366	15.6072	0			
15.5422	380	15.6146	0			
15.5495	369	15.6219	0			
15.5569	377	15.6292	0			
15.5642	358	15.6366	0			
15.5715	359	15.6439	0			
15.5788	387	15.6512	0			
15.5862	360	15.6585	0			
15.5935	367	15.6659	0			
15.6008	372	15.6732	0			
15.6082	346	15.6805	0			
15.6155	375	15.6879	0			
15.6228	356	15.6952	0			
15.6302	401	15.7025	0			
15.6375	379	15.7099	0			
15.6448	358	15.7172	0			
15.6522	342	15.7245	0			
15.6595	374	15.7319	0			
15.6668	369	15.7392	0			
15.6742	367	15.7465	0			
15.6815	368	15.7539	0			
15.6888	376	15.7612	0			
15.6961	307	15.7685	2			
15.7035	366	15.7758	0			
15.7108	378	15.7832	0			
15.7181	353	15.7905	0			
15.7255	343	15.7978	0			
15.7328	354	15.8052	0			
15.7401	345	15.8125	0			
15.7475	338	15.8198	0			
15.7548	344	15.8272	0			
15.7621	318	15.8345	0			
15.7695	348	15.8418	0			
15.7768	323	15.8492	0			
15.7841	369	15.8565	0			
15.7915	346	15.8638	0			
15.7988	320	15.8712	0			
15.8061	359	15.8785	0			
15.8134	362	15.8858	0			
15.8208	345	15.8931	0			
15.8281	341	15.9005	0			
15.8354	328	15.9078	0			
15.8428	294	15.9151	0			
15.8501	359	15.9225	0			
15.8574	336	15.9298	0			
15.8648	341	15.9371	0			
15.8721	337	15.9445	0			
15.8794	324	15.9518	0			
15.8868	367	15.9591	0			
15.8941	340	15.9665	0			
15.9014	332	15.9738	0			
15.9088	322	15.9811	0			
15.9161	314	15.9885	0			
15.9234	299	15.9958	0			
15.9307	349	16.0031	0			
15.9381	325	16.0104	0			
15.9454	335	16.0178	1			
15.9527	314	16.0251	1			
15.9601	325	16.0324	0			
15.9674	313	16.0398	0			
15.9747	338	16.0471	0			
15.9821	329	16.0544	0			
15.9894	340	16.0618	0			
15.9967	340	16.0691	0			
16.0041	340	16.0764	0			
16.0114	320	16.0838	0			
16.0187	333	16.0911	0			
16.0261	350	16.0984	0			
16.0334	306	16.1058	0			
16.0407	326	16.1131	0			
16.048	356	16.1204	0			
16.0554	328	16.1277	0			
16.0627	336	16.1351	0			
16.07	344	16.1424	0			
16.0774	308	16.1497	0			
16.0847	347	16.1571	0			
16.092	337	16.1644	0			
16.0994	342	16.1717	0			
16.1067	292	16.1791	0			
16.114	329	16.1864	0			
16.1214	337	16.1937	0			
16.1287	316	16.2011	0			
16.136	302	16.2084	0			
16.1433	323	16.2157	0			
16.1507	319	16.2231	0			
16.158	321	16.2304	0			
16.1653	329	16.2377	0			
16.1727	324	16.245	0			
16.18	348	16.2524	0			
16.1873	310	16.2597	0			
16.1947	312	16.267	0			
16.202	315	16.2744	0			
16.2093	306	16.2817	0			
16.2167	308	16.289	0			
16.224	317	16.2964	0			
16.2313	311	16.3037	0			
16.2387	306	16.311	0			
16.246	300	16.3184	0			
16.2533	299	16.3257	0			
16.2606	343	16.333	0			
16.268	310	16.3403	0			
16.2753	333	16.3477	0			
16.2826	297	16.355	0			
16.29	299	16.3623	0			
16.2973	294	16.3697	0			
16.3046	326	16.377	0			
16.312	295	16.3843	1			
16.3193	327	16.3917	1			
16.3266	306	16.399	0			
16.334	275	16.4063	0			
16.3413	324	16.4137	0			
16.3486	332	16.421	0			
16.356	331	16.4283	0			
16.3633	317	16.4357	0			
16.3706	265	16.443	0			
16.3779	325	16.4503	0			
16.3853	309	16.4576	0			
16.3926	283	16.465	0			
16.4001	332	16.4723	0			
16.4073	326	16.4796	0			
16.4146	311	16.487	0			
16.4219	293	16.4943	0			
16.4293	322	16.5016	0			
16.4366	298	16.509	0			
16.4439	288	16.5163	0			
16.4513	286	16.5236	0			
16.4586	289	16.531	0			
16.4659	300	16.5383	0			
16.4733	295	16.5456	1			
16.4806	319	16.553	1			
16.4879	276	16.5603	0			
16.4952	289	16.5676	0			
16.5026	283	16.5749	0			
16.5099	306	16.5823	0			
16.5172	300	16.5896	0			
16.5246	281	16.5969	0			
16.5319	265	16.6043	0			
16.5392	291	16.6116	0			
16.5466	261	16.6189	0			
16.5539	312	16.6263	0			
16.5612	317	16.6336	0			
16.5686	259	16.6409	0			
16.5759	281	16.6483	0			
16.5832	299	16.6556	0			
16.5906	325	16.6629	0			
16.5979	293	16.6703	0			
16.6052	300	16.6776	1			
16.6125	261	16.6849	0			
16.6199	267	16.6922	0			
16.6272	253	16.6996	0			
16.6345	285	16.7069	0			
16.6419	275	16.7142	0			
16.6492	262	16.7216	0			
16.6565	295	16.7289	0			
16.6639	286	16.7362	0			
16.6712	262	16.7436	0			
16.6785	299	16.7509	0			
16.6859	287	16.7582	1			
16.6932	266	16.7656	0			
16.7005	253	16.7729	0			
16.7079	291	16.7802	0			
16.7152	281	16.7876	0			
16.7225	269	16.7949	0			
16.7298	282	16.8022	0			
16.7372	288	16.8095	0			
16.7445	297	16.8169	0			
16.7518	279	16.8242	0			
16.7592	235	16.8315	0			
16.7665	242	16.8389	0			
16.7738	276	16.8462	0			
16.7812	279	16.8535	0			
16.7885	285	16.8609	0			
16.7958	257	16.8682	0			
16.8032	273	16.8755	0			
16.8105	264	16.8829	0			
16.8178	253	16.8902	0			
16.8252	291	16.8975	0			
16.8325	294	16.9049	0			
16.8398	268	16.9122	0			
16.8471	256	16.9195	0			
16.8545	271	16.9268	0			
16.8618	302	16.9342	0			
16.8691	255	16.9415	0			
16.8765	265	16.9488	0			
16.8838	247	16.9562	0			
16.8911	279	16.9635	0			
16.8985	256	16.9708	0			
16.9058	262	16.9782	0			
16.9131	248	16.9855	0			
16.9205	258	16.9928	0			
16.9278	278	17.0002	1			
16.9351	260	17.0075	0			
16.9425	238	17.0148	0			
16.9498	244	17.0222	0			
16.9571	241	17.0295	0			
16.9644	261	17.0368	0			
16.9718	236	17.0441	0			
16.9791	249	17.0515	0			
16.9864	273	17.0588	0			
16.9938	268	17.0661	0			
17.0011	244	17.0735	0			
17.0084	277	17.0808	0			
17.0158	244	17.0881	0			
17.0231	250	17.0955	0			
17.0304	243	17.1028	0			
17.0378	240	17.1101	0			
17.0451	228	17.1175	0			
17.0524	248	17.1248	0			
17.0598	239	17.1321	0			
17.0671	252	17.1395	0			
17.0744	264	17.1468	0			
17.0817	234	17.1541	0			
17.0891	248	17.1614	0			
17.0964	265	17.1688	0			
17.1037	256	17.1761	0			
17.1111	256	17.1834	0			
17.1184	263	17.1908	0			
17.1257	237	17.1981	0			
17.1331	254	17.2054	0			
17.1404	256	17.2128	0			
17.1477	256	17.2201	0			
17.1551	262	17.2274	0			
17.1624	272	17.2348	0			
17.1697	273	17.2421	0			
17.1771	256	17.2494	0			
17.1844	237	17.2568	0			
17.1917	257	17.2641	0			
17.199	238	17.2714	0			
17.2064	249	17.2787	0			
17.2137	235	17.2861	0			
17.221	229	17.2934	0			
17.2284	250	17.3007	0			
17.2357	252	17.3081	0			
17.243	234	17.3154	0			
17.2504	237	17.3227	0			
17.2577	236	17.3301	0			
17.265	230	17.3374	0			
17.2724	213	17.3447	0			
17.2797	216	17.3521	0			
17.287	242	17.3594	0			
17.2944	241	17.3667	0			
17.3017	199	17.3741	0			
17.309	252	17.3814	0			
17.3163	252	17.3887	0			
17.3237	239	17.396	0			
17.331	243	17.4034	0			
17.3383	224	17.4107	0			
17.3457	210	17.418	0			
17.353	259	17.4254	0			
17.3603	230	17.4327	0			
17.3677	242	17.44	0			
17.375	203	17.4474	0			
17.3823	245	17.4547	0			
17.3897	238	17.462	0			
17.397	254	17.4694	0			
17.4043	236	17.4767	0			
17.4117	229	17.484	0			
17.419	234	17.4914	0			
17.4263	243	17.4987	0			
17.4336	207	17.506	0			
17.441	244	17.5133	0			
17.4483	246	17.5207	0			
17.4556	236	17.528	0			
17.463	222	17.5353	0			
17.4703	223	17.5427	0			
17.4776	226	17.55	1			
17.485	232	17.5573	0			
17.4923	230	17.5647	0			
17.4996	233	17.572	0			
17.507	223	17.5793	0			
17.5143	222	17.5867	0			
17.5216	229	17.594	0			
17.529	205	17.6013	0			
17.5363	205	17.6087	0			
17.5436	197	17.616	0			
17.5509	211	17.6233	0			
17.5583	207	17.6306	0			
17.5656	219	17.638	0			
17.5729	230	17.6453	1			
17.5803	242	17.6526	0			
17.5876	218	17.66	0			
17.5949	203	17.6673	0			
17.6023	228	17.6746	0			
17.6096	216	17.682	0			
17.6169	223	17.6893	0			
17.6243	240	17.6966	0			
17.6316	238	17.704	0			
17.6389	241	17.7113	0			
17.6463	204	17.7186	1			
17.6536	230	17.726	1			
17.6609	231	17.7333	0			
17.6682	221	17.7406	0			
17.6756	204	17.7479	0			
17.6829	214	17.7553	0			
17.6902	194	17.7626	0			
17.6976	217	17.7699	0			
17.7049	220	17.7773	0			
17.7122	189	17.7846	0			
17.7196	247	17.7919	0			
17.7269	219	17.7993	0			
17.7342	225	17.8066	0			
17.7416	189	17.8139	0			
17.7489	199	17.8213	0			
17.7562	173	17.8286	0			
17.7635	198	17.8359	0			
17.7709	197	17.8433	0			
17.7782	221	17.8506	0			
17.7855	192	17.8579	0			
17.7929	233	17.8652	0			
17.8002	191	17.8726	0			
17.8075	202	17.8799	0			
17.8149	211	17.8872	0			
17.8222	185	17.8946	0			
17.8295	201	17.9019	0			
17.8369	201	17.9092	0			
17.8442	222	17.9166	0			
17.8515	203	17.9239	0			
17.8589	200	17.9312	0			
17.8662	180	17.9386	0			
17.8735	196	17.9459	0			
17.8808	205	17.9532	0			
17.8882	169	17.9605	0			
17.8955	209	17.9679	0			
17.9028	193	17.9752	0			
17.9102	194	17.9825	0			
17.9175	202	17.9899	0			
17.9248	188	17.9972	0			
17.9322	188	18.0045	0			
17.9395	231	18.0119	0			
17.9468	225	18.0192	0			
17.9542	175	18.0265	0			
17.9615	200	18.0339	0			
17.9688	177	18.0412	0			
17.9762	197	18.0485	0			
17.9835	206	18.0559	0			
17.9908	178	18.0632	0			
17.9981	198	18.0705	0			
18.0055	185	18.0778	0			
18.0128	176	18.0852	0			
18.0201	171	18.0925	0			
18.0275	224	18.0998	0			
18.0348	210	18.1072	0			
18.0421	193	18.1145	0			
18.0495	199	18.1218	0			
18.0568	186	18.1292	0			
18.0641	185	18.1365	0			
18.0715	224	18.1438	0			
18.0788	192	18.1512	0			
18.0861	204	18.1585	0			
18.0935	194	18.1658	0			
18.1008	183	18.1732	0			
18.1081	182	18.1805	0			
18.1154	179	18.1878	0			
18.1228	184	18.1951	0			
18.1301	199	18.2025	0			
18.1374	195	18.2098	0			
18.1448	226	18.2171	0			
18.1521	184	18.2245	0			
18.1594	194	18.2318	0			
18.1668	171	18.2391	0			
18.1741	197	18.2465	0			
18.1814	181	18.2538	0			
18.1888	203	18.2611	0			
18.1961	190	18.2685	0			
18.2034	195	18.2758	0			
18.2108	187	18.2831	0			
18.2181	195	18.2905	1			
18.2254	215	18.2978	0			
18.2327	206	18.3051	0			
18.2401	220	18.3124	0			
18.2474	195	18.3198	0			
18.2547	173	18.3271	0			
18.2621	182	18.3344	0			
18.2694	196	18.3418	0			
18.2767	186	18.3491	0			
18.2841	199	18.3564	0			
18.2914	186	18.3638	0			
18.2987	201	18.3711	0			
18.3061	189	18.3784	0			
18.3134	199	18.3858	0			
18.3207	181	18.3931	0			
18.3281	196	18.4004	1			
18.3354	199	18.4078	1			
18.3427	172	18.4151	0			
18.35	167	18.4224	0			
18.3574	179	18.4297	0			
18.3647	175	18.4371	0			
18.372	165	18.4444	0			
18.3794	193	18.4517	0			
18.3867	170	18.4591	0			
18.394	188	18.4664	0			
18.4014	188	18.4737	0			
18.4087	192	18.4811	0			
18.416	217	18.4884	0			
18.4234	170	18.4957	0			
18.4307	152	18.5031	0			
18.438	179	18.5104	0			
18.4454	201	18.5177	0			
18.4527	164	18.5251	0			
18.46	189	18.5324	0			
18.4673	201	18.5397	0			
18.4747	183	18.547	0			
18.482	179	18.5544	0			
18.4893	182	18.5617	0			
18.4967	189	18.569	0			
18.504	177	18.5764	0			
18.5113	176	18.5837	0			
18.5187	176	18.591	0			
18.526	182	18.5984	0			
18.5333	204	18.6057	0			
18.5407	193	18.613	1			
18.548	173	18.6204	0			
18.5553	175	18.6277	0			
18.5627	148	18.635	0			
18.57	171	18.6424	0			
18.5773	174	18.6497	0			
18.5846	181	18.657	0			
18.592	158	18.6643	0			
18.5993	188	18.6717	0			
18.6066	191	18.679	0			
18.614	176	18.6863	0			
18.6213	170	18.6937	0			
18.6286	163	18.701	0			
18.636	169	18.7083	0			
18.6433	157	18.7157	0			
18.6506	137	18.723	0			
18.658	164	18.7303	0			
18.6653	175	18.7377	0			
18.6726	187	18.745	0			
18.68	176	18.7523	0			
18.6873	194	18.7597	0			
18.6946	163	18.767	0			
18.7019	195	18.7743	0			
18.7093	169	18.7816	0			
18.7166	168	18.789	0			
18.7239	169	18.7963	0			
18.7313	167	18.8036	0			
18.7386	180	18.811	0			
18.7459	153	18.8183	0			
18.7533	142	18.8256	0			
18.7606	149	18.833	0			
18.7679	163	18.8403	0			
18.7753	161	18.8476	0			
18.7826	161	18.855	0			
18.7899	175	18.8623	1			
18.7973	181	18.8696	0			
18.8046	153	18.877	0			
18.8119	161	18.8843	0			
18.8192	176	18.8916	0			
18.8266	163	18.8989	0			
18.8339	169	18.9063	0			
18.8412	157	18.9136	0			
18.8486	171	18.9209	0			
18.8559	173	18.9283	0			
18.8632	173	18.9356	0			
18.8706	171	18.9429	0			
18.8779	164	18.9503	0			
18.8852	173	18.9576	0			
18.8926	155	18.9649	0			
18.8999	164	18.9723	0			
18.9072	153	18.9796	0			
18.9146	173	18.9869	0			
18.9219	154	18.9943	0			
18.9292	134	19.0016	0			
18.9365	170	19.0089	0			
18.9439	166	19.0162	0			
18.9512	163	19.0236	0			
18.9585	169	19.0309	0			
18.9659	173	19.0382	1			
18.9732	160	19.0456	1			
18.9805	173	19.0529	0			
18.9879	176	19.0602	0			
18.9952	144	19.0676	0			
19.0025	138	19.0749	0			
19.0099	162	19.0822	0			
19.0172	158	19.0896	0			
19.0245	155	19.0969	0			
19.0319	161	19.1042	0			
19.0392	161	19.1116	0			
19.0465	142	19.1189	0			
19.0538	158	19.1262	1			
19.0612	161	19.1335	0			
19.0685	173	19.1409	0			
19.0758	160	19.1482	0			
19.0832	152	19.1555	0			
19.0905	170	19.1629	0			
19.0978	172	19.1702	0			
19.1052	153	19.1775	0			
19.1125	151	19.1849	0			
19.1198	165	19.1922	0			
19.1272	141	19.1995	0			
19.1345	155	19.2069	0			
19.1418	142	19.2142	0			
19.1492	162	19.2215	0			
19.1565	167	19.2289	0			
19.1638	124	19.2362	0			
19.1711	165	19.2435	0			
19.1785	142	19.2508	0			
19.1858	128	19.2582	0			
19.1931	181	19.2655	0			
19.2005	144	19.2728	0			
19.2078	130	19.2802	0			
19.2151	119	19.2875	0			
19.2225	147	19.2948	0			
19.2298	152	19.3022	0			
19.2371	159	19.3095	0			
19.2445	145	19.3168	0			
19.2518	149	19.3242	0			
19.2591	137	19.3315	0			
19.2665	138	19.3388	0			
19.2738	149	19.3462	0			
19.2811	153	19.3535	0			
19.2884	147	19.3608	0			
19.2958	137	19.3681	0			
19.3031	154	19.3755	0			
19.3104	144	19.3828	0			
19.3178	153	19.3901	0			
19.3251	134	19.3975	0			
19.3324	168	19.4048	0			
19.3398	151	19.4121	0			
19.3471	160	19.4195	0			
19.3544	159	19.4268	0			
19.3618	144	19.4341	0			
19.3691	143	19.4415	0			
19.3764	161	19.4488	0			
19.3837	135	19.4561	0			
19.3911	152	19.4635	0			
19.3984	132	19.4708	0			
19.4057	152	19.4781	0			
19.4131	137	19.4854	0			
19.4204	151	19.4928	0			
19.4277	132	19.5001	0			
19.4351	158	19.5074	0			
19.4424	160	19.5148	0			
19.4497	135	19.5221	1			
19.4571	156	19.5294	0			
19.4644	161	19.5368	1			
19.4717	143	19.5441	1			
19.4791	126	19.5514	0			
19.4864	118	19.5588	0			
19.4937	148	19.5661	0			
19.501	148	19.5734	0			
19.5084	151	19.5807	0			
19.5157	145	19.5881	0			
19.523	131	19.5954	0			
19.5304	152	19.6027	0			
19.5377	134	19.6101	0			
19.545	133	19.6174	0			
19.5524	136	19.6247	1			
19.5597	142	19.6321	0			
19.567	139	19.6394	0			
19.5744	123	19.6467	0			
19.5817	133	19.6541	0			
19.589	133	19.6614	0			
19.5964	136	19.6687	0			
19.6037	127	19.6761	0			
19.611	153	19.6834	0			
19.6183	125	19.6907	0			
19.6257	120	19.698	0			
19.633	141	19.7054	0			
19.6403	124	19.7127	0			
19.6477	128	19.72	0			
19.655	129	19.7274	0			
19.6623	127	19.7347	0			
19.6697	143	19.742	0			
19.677	159	19.7494	0			
19.6843	126	19.7567	0			
19.6917	134	19.764	0			
19.699	128	19.7714	0			
19.7063	127	19.7787	0			
19.7137	123	19.786	0			
19.721	139	19.7934	0			
19.7283	118	19.8007	1			
19.7356	136	19.808	0			
19.743	144	19.8153	0			
19.7503	150	19.8227	0			
19.7576	163	19.83	0			
19.765	147	19.8373	0			
19.7723	139	19.8447	1			
19.7796	121	19.852	0			
19.787	139	19.8593	0			
19.7943	116	19.8667	0			
19.8016	120	19.874	0			
19.809	130	19.8813	0			
19.8163	125	19.8887	0			
19.8236	134	19.896	0			
19.831	139	19.9033	0			
19.8383	124	19.9107	0			
19.8456	103	19.918	0			
19.8529	106	19.9253	0			
19.8603	138	19.9326	0			
19.8676	152	19.94	0			
19.8749	143	19.9473	0			
19.8823	118	19.9546	0			
19.8896	139	19.962	0			
19.8969	125	19.9693	0			
19.9043	132	19.9766	0			
19.9116	112	19.984	0			
19.9189	107	20.0087	0			
19.9263	130	20.0014	0			
19.9336	110	20.006	0			
19.9409	121	20.0133	0			
19.9483	104	20.0206	0			
19.9556	121	20.028	0			
19.9629	123	20.0353	0			
19.9702	109	20.0426	0			
19.9776	133	20.0499	0			
19.9849	134	20.0573	0			
20.0078	122	20.0646	0			
20.0004	131	20.0719	0			
20.0069	140	20.0793	0			
20.0142	127	20.0866	1			
20.0216	126	20.0939	1			
20.0289	129	20.1013	0			
20.0362	107	20.1086	0			
20.0436	111	20.1159	0			
20.0509	119	20.1233	0			
20.0582	135	20.1306	0			
20.0656	121	20.1379	0			
20.0729	116	20.1453	0			
20.0802	129	20.1526	0			
20.0875	116	20.1599	0			
20.0949	123	20.1672	0			
20.1022	107	20.1746	0			
20.1095	118	20.1819	0			
20.1169	120	20.1892	0			
20.1242	121	20.1966	0			
20.1315	129	20.2039	0			
20.1389	144	20.2112	0			
20.1462	140	20.2186	0			
20.1535	112	20.2259	0			
20.1609	129	20.2332	0			
20.1682	134	20.2406	0			
20.1755	125	20.2479	0			
20.1829	133	20.2552	0			
20.1902	132	20.2626	0			
20.1975	115	20.2699	0			
20.2048	111	20.2772	0			
20.2122	114	20.2845	0			
20.2195	133	20.2919	1			
20.2268	125	20.2992	0			
20.2342	100	20.3065	0			
20.2415	146	20.3139	0			
20.2488	121	20.3212	0			
20.2562	113	20.3285	0			
20.2635	109	20.3359	0			
20.2708	112	20.3432	0			
20.2782	117	20.3505	0			
20.2855	109	20.3579	0			
20.2928	107	20.3652	0			
20.3002	117	20.3725	0			
20.3075	113	20.3799	0			
20.3148	108	20.3872	2			
20.3221	120	20.3945	0			
20.3295	124	20.4018	0			
20.3368	103	20.4092	0			
20.3441	121	20.4165	0			
20.3515	120	20.4238	0			
20.3588	129	20.4312	0			
20.3661	109	20.4385	0			
20.3735	113	20.4458	0			
20.3808	109	20.4532	0			
20.3881	112	20.4605	0			
20.3955	100	20.4678	0			
20.4028	136	20.4752	0			
20.4101	95	20.4825	0			
20.4175	109	20.4898	0			
20.4248	115	20.4972	0			
20.4321	97	20.5045	0			
20.4394	132	20.5118	0			
20.4468	128	20.5191	0			
20.4541	96	20.5265	0			
20.4614	114	20.5338	0			
20.4688	115	20.5411	0			
20.4761	104	20.5485	0			
20.4834	103	20.5558	0			
20.4908	99	20.5631	0			
20.4981	124	20.5705	0			
20.5054	110	20.5778	0			
20.5128	89	20.5851	0			
20.5201	101	20.5925	0			
20.5274	117	20.5998	0			
20.5348	110	20.6071	0			
20.5421	96	20.6145	0			
20.5494	105	20.6218	0			
20.5567	114	20.6291	0			
20.5641	107	20.6364	0			
20.5714	110	20.6438	0			
20.5787	110	20.6511	0			
20.5861	113	20.6584	0			
20.5934	108	20.6658	0			
20.6007	112	20.6731	0			
20.6081	116	20.6804	0			
20.6154	127	20.6878	0			
20.6227	87	20.6951	0			
20.6301	110	20.7024	0			
20.6374	116	20.7098	1			
20.6447	95	20.7171	0			
20.6521	108	20.7244	0			
20.6594	127	20.7318	0			
20.6667	116	20.7391	0			
20.674	105	20.7464	0			
20.6814	126	20.7537	0			
20.6887	111	20.7611	0			
20.696	93	20.7684	0			
20.7034	113	20.7757	0			
20.7107	117	20.7831	0			
20.718	92	20.7904	0			
20.7254	116	20.7977	0			
20.7327	105	20.8051	0			
20.74	93	20.8124	0			
20.7474	102	20.8197	1			
20.7547	106	20.8271	0			
20.762	94	20.8344	0			
20.7694	83	20.8417	0			
20.7767	98	20.8491	0			
20.784	98	20.8564	0			
20.7913	96	20.8637	0			
20.7987	107	20.871	0			
20.806	110	20.8784	0			
20.8133	100	20.8857	0			
20.8207	91	20.893	0			
20.828	95	20.9004	0			
20.8353	110	20.9077	0			
20.8427	106	20.915	0			
20.85	109	20.9224	0			
20.8573	100	20.9297	1			
20.8647	97	20.937	1			
20.872	99	20.9444	0			
20.8793	106	20.9517	0			
20.8867	105	20.959	0			
20.894	95	20.9664	0			
20.9013	104	20.9737	0			
20.9086	110	20.981	0			
20.916	99	20.9883	1			
20.9233	104	20.9957	0			
20.9306	89	21.003	0			
20.938	115	21.0103	0			
20.9453	121	21.0177	0			
20.9526	78	21.025	0			
20.96	106	21.0323	0			
20.9673	98	21.0397	0			
20.9746	99	21.047	0			
20.982	105	21.0543	0			
20.9893	111	21.0617	0			
20.9966	105	21.069	0			
21.0039	105	21.0763	0			
21.0113	117	21.0837	0			
21.0186	102	21.091	0			
21.0259	94	21.0983	0			
21.0333	109	21.1056	2			
21.0406	102	21.113	0			
21.0479	113	21.1203	0			
21.0553	104	21.1276	0			
21.0626	111	21.135	0			
21.0699	109	21.1423	0			
21.0773	86	21.1496	0			
21.0846	97	21.157	0			
21.0919	96	21.1643	0			
21.0993	99	21.1716	0			
21.1066	88	21.179	0			
21.1139	91	21.1863	0			
21.1212	98	21.1936	0			
21.1286	100	21.2009	0			
21.1359	98	21.2083	0			
21.1432	98	21.2156	0			
21.1506	90	21.2229	0			
21.1579	80	21.2303	1			
21.1652	104	21.2376	0			
21.1726	90	21.2449	0			
21.1799	125	21.2523	0			
21.1872	102	21.2596	1			
21.1946	92	21.2669	0			
21.2019	94	21.2743	0			
21.2092	97	21.2816	0			
21.2166	83	21.2889	0			
21.2239	82	21.2963	0			
21.2312	106	21.3036	0			
21.2385	107	21.3109	0			
21.2459	94	21.3182	0			
21.2532	97	21.3256	0			
21.2605	93	21.3329	0			
21.2679	98	21.3402	0			
21.2752	90	21.3476	0			
21.2825	101	21.3549	1			
21.2899	80	21.3622	0			
21.2972	106	21.3696	0			
21.3045	90	21.3769	0			
21.3119	94	21.3842	0			
21.3192	97	21.3916	0			
21.3265	99	21.3989	0			
21.3339	82	21.4062	0			
21.3412	99	21.4136	0			
21.3485	92	21.4209	0			
21.3558	88	21.4282	0			
21.3632	98	21.4355	0			
21.3705	98	21.4429	0			
21.3778	106	21.4502	0			
21.3852	86	21.4575	0			
21.3925	88	21.4649	0			
21.3998	91	21.4722	0			
21.4072	85	21.4795	0			
21.4145	78	21.4869	0			
21.4218	96	21.4942	1			
21.4292	86	21.5015	0			
21.4365	97	21.5089	0			
21.4438	80	21.5162	0			
21.4512	95	21.5235	0			
21.4585	95	21.5309	0			
21.4658	84	21.5382	0			
21.4731	98	21.5455	0			
21.4805	74	21.5528	0			
21.4878	62	21.5602	0			
21.4951	75	21.5675	0			
21.5025	82	21.5748	0			
21.5098	87	21.5822	0			
21.5171	83	21.5895	0			
21.5245	90	21.5968	0			
21.5318	105	21.6042	0			
21.5391	88	21.6115	0			
21.5465	91	21.6188	0			
21.5538	86	21.6262	0			
21.5611	96	21.6335	0			
21.5685	76	21.6408	0			
21.5758	66	21.6482	0			
21.5831	82	21.6555	0			
21.5904	75	21.6628	0			
21.5978	84	21.6701	0			
21.6051	82	21.6775	0			
21.6124	77	21.6848	0			
21.6198	79	21.6921	0			
21.6271	81	21.6995	0			
21.6344	87	21.7068	0			
21.6418	86	21.7141	0			
21.6491	77	21.7215	0			
21.6564	86	21.7288	0			
21.6638	75	21.7361	0			
21.6711	110	21.7435	1			
21.6784	79	21.7508	0			
21.6858	101	21.7581	0			
21.6931	88	21.7655	0			
21.7004	89	21.7728	0			
21.7077	79	21.7801	0			
21.7151	88	21.7874	0			
21.7224	106	21.7948	0			
21.7297	76	21.8021	0			
21.7371	84	21.8094	1			
21.7444	69	21.8168	1			
21.7517	91	21.8241	0			
21.7591	73	21.8314	0			
21.7664	94	21.8388	0			
21.7737	88	21.8461	0			
21.7811	94	21.8534	0			
21.7884	86	21.8608	0			
21.7957	78	21.8681	0			
21.8031	93	21.8754	0			
21.8104	95	21.8828	1			
21.8177	78	21.8901	0			
21.825	91	21.8974	0			
21.8324	89	21.9047	0			
21.8397	82	21.9121	0			
21.847	78	21.9194	0			
21.8544	79	21.9267	0			
21.8617	85	21.9341	0			
21.869	81	21.9414	0			
21.8764	92	21.9487	0			
21.8837	103	21.9561	0			
21.891	90	21.9634	0			
21.8984	82	21.9707	0			
21.9057	79	21.9781	1			
21.913	90	21.9854	0			
21.9204	64	21.9927	0			
21.9277	73	22.0001	1			
21.935	91	22.0074	0			
21.9423	76	22.0147	0			
21.9497	68	22.022	0			
21.957	83	22.0294	1			
21.9643	79	22.0367	0			
21.9717	82	22.044	0			
21.979	82	22.0514	0			
21.9863	75	22.0587	0			
21.9937	86	22.066	0			
22.001	82	22.0734	0			
22.0083	85	22.0807	0			
22.0157	79	22.088	0			
22.023	74	22.0954	0			
22.0303	82	22.1027	0			
22.0377	85	22.11	0			
22.045	77	22.1174	0			
22.0523	89	22.1247	0			
22.0596	72	22.132	1			
22.067	82	22.1393	0			
22.0743	74	22.1467	0			
22.0816	72	22.154	0			
22.089	56	22.1613	0			
22.0963	87	22.1687	0			
22.1036	73	22.176	0			
22.111	82	22.1833	0			
22.1183	75	22.1907	1			
22.1256	73	22.198	0			
22.133	88	22.2053	0			
22.1403	89	22.2127	0			
22.1476	59	22.22	0			
22.155	73	22.2273	0			
22.1623	77	22.2347	0			
22.1696	65	22.242	0			
22.1769	83	22.2493	0			
22.1843	89	22.2566	1			
22.1916	78	22.264	0			
22.1989	69	22.2713	0			
22.2063	68	22.2786	0			
22.2136	85	22.286	0			
22.2209	92	22.2933	0			
22.2283	74	22.3006	1			
22.2356	82	22.308	0			
22.2429	82	22.3153	0			
22.2503	71	22.3226	0			
22.2576	61	22.33	0			
22.2649	92	22.3373	0			
22.2723	78	22.3446	0			
22.2796	88	22.352	0			
22.2869	78	22.3593	0			
22.2942	83	22.3666	0			
22.3016	76	22.3739	0			
22.3089	74	22.3813	0			
22.3162	89	22.3886	0			
22.3236	69	22.3959	0			
22.3309	73	22.4033	0			
22.3382	68	22.4106	0			
22.3456	92	22.4179	1			
22.3529	92	22.4253	0			
22.3602	79	22.4326	0			
22.3676	91	22.4399	0			
22.3749	63	22.4473	0			
22.3822	60	22.4546	0			
22.3896	74	22.4619	0			
22.3969	61	22.4693	0			
22.4042	68	22.4766	0			
22.4115	58	22.4839	0			
22.4189	85	22.4912	0			
22.4262	74	22.4986	0			
22.4335	71	22.5059	0			
22.4409	97	22.5132	0			
22.4482	71	22.5206	0			
22.4555	77	22.5279	0			
22.4629	85	22.5352	0			
22.4702	75	22.5426	0			
22.4775	73	22.5499	0			
22.4849	73	22.5572	0			
22.4922	67	22.5646	0			
22.4995	92	22.5719	0			
22.5069	65	22.5792	0			
22.5142	70	22.5866	0			
22.5215	66	22.5939	0			
22.5288	62	22.6012	0			
22.5362	58	22.6085	0			
22.5435	61	22.6159	0			
22.5508	57	22.6232	0			
22.5582	63	22.6305	0			
22.5655	78	22.6379	0			
22.5728	72	22.6452	0			
22.5802	56	22.6525	0			
22.5875	59	22.6599	0			
22.5948	76	22.6672	0			
22.6022	83	22.6745	0			
22.6095	74	22.6819	0			
22.6168	68	22.6892	0			
22.6241	82	22.6965	0			
22.6315	57	22.7039	1			
22.6388	69	22.7112	0			
22.6461	59	22.7185	0			
22.6535	63	22.7258	0			
22.6608	61	22.7332	0			
22.6681	74	22.7405	0			
22.6755	64	22.7478	0			
22.6828	70	22.7552	1			
22.6901	66	22.7625	0			
22.6975	55	22.7698	0			
22.7048	56	22.7772	0			
22.7121	74	22.7845	0			
22.7195	73	22.7918	0			
22.7268	62	22.7992	0			
22.7341	59	22.8065	0			
22.7414	68	22.8138	0			
22.7488	89	22.8211	0			
22.7561	53	22.8285	1			
22.7634	71	22.8358	0			
22.7708	78	22.8431	0			
22.7781	76	22.8505	0			
22.7854	73	22.8578	0			
22.7928	62	22.8651	0			
22.8001	65	22.8725	0			
22.8074	72	22.8798	0			
22.8148	72	22.8871	0			
22.8221	61	22.8945	0			
22.8294	95	22.9018	0			
22.8368	59	22.9091	0			
22.8441	71	22.9165	0			
22.8514	63	22.9238	0			
22.8587	67	22.9311	0			
22.8661	72	22.9384	0			
22.8734	71	22.9458	0			
22.8807	78	22.9531	0			
22.8881	76	22.9604	0			
22.8954	61	22.9678	1			
22.9027	62	22.9751	1			
22.9101	81	22.9824	1			
22.9174	70	22.9898	0			
22.9247	72	22.9971	1			
22.9321	69	23.0044	0			
22.9394	57	23.0118	0			
22.9467	56	23.0191	0			
22.9541	73	23.0264	0			
22.9614	66	23.0338	0			
22.9687	62	23.0411	0			
22.976	60	23.0484	0			
22.9834	57	23.0557	0			
22.9907	62	23.0631	0			
22.998	61	23.0704	0			
23.0054	58	23.0777	0			
23.0127	64	23.0851	0			
23.02	71	23.0924	1			
23.0274	67	23.0997	0			
23.0347	63	23.1071	0			
23.042	60	23.1144	0			
23.0494	72	23.1217	0			
23.0567	69	23.1291	0			
23.064	70	23.1364	0			
23.0714	63	23.1437	0			
23.0787	59	23.1511	0			
23.086	68	23.1584	0			
23.0933	54	23.1657	2			
23.1007	65	23.173	0			
23.108	64	23.1804	0			
23.1153	70	23.1877	0			
23.1227	69	23.195	0			
23.13	79	23.2024	0			
23.1373	71	23.2097	1			
23.1447	58	23.217	0			
23.152	72	23.2244	0			
23.1593	61	23.2317	0			
23.1667	72	23.239	0			
23.174	74	23.2464	0			
23.1813	61	23.2537	0			
23.1887	69	23.261	0			
23.196	58	23.2684	0			
23.2033	58	23.2757	0			
23.2106	43	23.283	0			
23.218	61	23.2903	0			
23.2253	57	23.2977	0			
23.2326	67	23.305	0			
23.24	68	23.3123	0			
23.2473	61	23.3197	0			
23.2546	76	23.327	0			
23.262	72	23.3343	0			
23.2693	66	23.3417	0			
23.2766	55	23.349	0			
23.284	75	23.3563	0			
23.2913	80	23.3637	0			
23.2986	55	23.371	0			
23.306	56	23.3783	0			
23.3133	67	23.3857	0			
23.3206	68	23.393	0			
23.3279	68	23.4003	1			
23.3353	72	23.4076	1			
23.3426	51	23.415	0			
23.3499	61	23.4223	0			
23.3573	56	23.4296	0			
23.3646	70	23.437	0			
23.3719	72	23.4443	0			
23.3793	67	23.4516	0			
23.3866	55	23.459	0			
23.3939	55	23.4663	0			
23.4013	63	23.4736	0			
23.4086	60	23.481	0			
23.4159	68	23.4883	0			
23.4233	64	23.4956	0			
23.4306	70	23.503	0			
23.4379	65	23.5103	0			
23.4452	52	23.5176	0			
23.4526	49	23.5249	0			
23.4599	63	23.5323	0			
23.4672	67	23.5396	0			
23.4746	50	23.5469	0			
23.4819	60	23.5543	0			
23.4892	59	23.5616	0			
23.4966	53	23.5689	0			
23.5039	65	23.5763	0			
23.5112	64	23.5836	0			
23.5186	56	23.5909	0			
23.5259	65	23.5983	0			
23.5332	46	23.6056	1			
23.5406	59	23.6129	0			
23.5479	67	23.6203	0			
23.5552	66	23.6276	0			
23.5625	59	23.6349	0			
23.5699	52	23.6422	0			
23.5772	71	23.6496	0			
23.5845	55	23.6569	0			
23.5919	58	23.6642	0			
23.5992	54	23.6716	0			
23.6065	45	23.6789	1			
23.6139	50	23.6862	0			
23.6212	63	23.6936	1			
23.6285	60	23.7009	0			
23.6359	54	23.7082	0			
23.6432	60	23.7156	0			
23.6505	60	23.7229	0			
23.6579	58	23.7302	0			
23.6652	52	23.7376	0			
23.6725	59	23.7449	0			
23.6798	56	23.7522	0			
23.6872	55	23.7595	0			
23.6945	55	23.7669	0			
23.7018	54	23.7742	0			
23.7092	55	23.7815	0			
23.7165	47	23.7889	0			
23.7238	48	23.7962	1			
23.7312	48	23.8035	0			
23.7385	52	23.8109	0			
23.7458	59	23.8182	0			
23.7532	59	23.8255	0			
23.7605	50	23.8329	0			
23.7678	59	23.8402	0			
23.7752	41	23.8475	1			
23.7825	53	23.8549	0			
23.7898	52	23.8622	0			
23.7971	47	23.8695	0			
23.8045	48	23.8768	0			
23.8118	56	23.8842	0			
23.8191	73	23.8915	0			
23.8265	40	23.8988	0			
23.8338	57	23.9062	0			
23.8411	58	23.9135	0			
23.8485	59	23.9208	0			
23.8558	78	23.9282	1			
23.8631	56	23.9355	0			
23.8705	54	23.9428	0			
23.8778	61	23.9502	0			
23.8851	46	23.9575	0			
23.8925	53	23.9648	0			
23.8998	50	23.9722	0			
23.9071	51	23.9795	0			
23.9144	54	23.9868	0			
23.9218	47	23.9941	0			
23.9291	54	24.0015	1			
23.9364	48	24.0088	0			
23.9438	48	24.0161	1			
23.9511	39	24.0235	0			
23.9584	46	24.0308	0			
23.9658	55	24.0381	0			
23.9731	49	24.0455	0			
23.9804	50	24.0528	0			
23.9878	57	24.0601	0			
23.9951	65	24.0675	0			
24.0024	57	24.0748	0			
24.0098	47	24.0821	0			
24.0171	45	24.0895	0			
24.0244	49	24.0968	1			
24.0317	55	24.1041	0			
24.0391	49	24.1114	0			
24.0464	45	24.1188	0			
24.0537	56	24.1261	0			
24.0611	58	24.1334	0			
24.0684	53	24.1408	0			
24.0757	54	24.1481	0			
24.0831	51	24.1554	0			
24.0904	54	24.1628	0			
24.0977	43	24.1701	0			
24.1051	42	24.1774	0			
24.1124	30	24.1848	0			
24.1197	52	24.1921	0			
24.1271	50	24.1994	0			
24.1344	53	24.2068	0			
24.1417	62	24.2141	0			
24.149	44	24.2214	0			
24.1564	54	24.2287	0			
24.1637	58	24.2361	0			
24.171	51	24.2434	0			
24.1784	45	24.2507	0			
24.1857	45	24.2581	0			
24.193	54	24.2654	0			
24.2004	44	24.2727	0			
24.2077	51	24.2801	0			
24.215	37	24.2874	0			
24.2224	61	24.2947	0			
24.2297	52	24.3021	0			
24.237	59	24.3094	0			
24.2443	43	24.3167	0			
24.2517	49	24.3241	0			
24.259	54	24.3314	0			
24.2663	41	24.3387	0			
24.2737	55	24.346	1			
24.281	49	24.3534	0			
24.2883	67	24.3607	0			
24.2957	49	24.368	0			
24.303	62	24.3754	0			
24.3103	46	24.3827	0			
24.3177	39	24.39	0			
24.325	44	24.3974	0			
24.3323	53	24.4047	0			
24.3397	65	24.412	0			
24.347	57	24.4194	0			
24.3543	44	24.4267	1			
24.3616	43	24.434	0			
24.369	53	24.4413	0			
24.3763	46	24.4487	0			
24.3836	45	24.456	0			
24.391	52	24.4633	0			
24.3983	43	24.4707	0			
24.4056	44	24.478	0			
24.413	48	24.4853	0			
24.4203	46	24.4927	0			
24.4276	39	24.5	0			
24.435	56	24.5073	1			
24.4423	43	24.5147	0			
24.4496	37	24.522	0			
24.457	43	24.5293	0			
24.4643	42	24.5367	0			
24.4716	43	24.544	0			
24.4789	49	24.5513	0			
24.4863	59	24.5586	0			
24.4936	49	24.566	0			
24.5009	47	24.5733	0			
24.5083	41	24.5806	0			
24.5156	49	24.588	0			
24.5229	39	24.5953	0			
24.5303	47	24.6026	0			
24.5376	50	24.61	0			
24.5449	44	24.6173	1			
24.5523	54	24.6246	0			
24.5596	50	24.632	0			
24.5669	46	24.6393	0			
24.5743	44	24.6466	1			
24.5816	45	24.654	0			
24.5889	48	24.6613	1			
24.5962	37	24.6686	0			
24.6036	39	24.6759	0			
24.6109	45	24.6833	0			
24.6182	42	24.6906	0			
24.6256	45	24.6979	0			
24.6329	52	24.7053	0			
24.6402	50	24.7126	0			
24.6476	40	24.7199	0			
24.6549	44	24.7273	0			
24.6622	47	24.7346	0			
24.6696	42	24.7419	0			
24.6769	46	24.7493	0			
24.6842	37	24.7566	0			
24.6916	39	24.7639	0			
24.6989	41	24.7713	0			
24.7062	47	24.7786	0			
24.7135	43	24.7859	0			
24.7209	34	24.7932	0			
24.7282	36	24.8006	0			
24.7355	38	24.8079	0			
24.7429	44	24.8152	0			
24.7502	52	24.8226	1			
24.7575	47	24.8299	0			
24.7649	48	24.8372	0			
24.7722	41	24.8446	0			
24.7795	42	24.8519	0			
24.7869	45	24.8592	0			
24.7942	42	24.8666	0			
24.8015	44	24.8739	0			
24.8089	41	24.8812	0			
24.8162	40	24.8886	0			
24.8235	40	24.8959	0			
24.8308	52	24.9032	0			
24.8382	45	24.9105	0			
24.8455	48	24.9179	0			
24.8528	52	24.9252	0			
24.8602	53	24.9325	0			
24.8675	46	24.9399	0			
24.8748	57	24.9472	0			
24.8822	42	24.9545	1			
24.8895	36	24.9619	0			
24.8968	44	24.9692	0			
24.9042	38	24.9765	0			
24.9115	38	24.9839	0			
24.9188	57	24.9912	0			
24.9262	35	24.9985	0			
24.9335	43	25.0059	0			
24.9408	54	25.0132	0			
24.9481	38	25.0205	0			
24.9555	42	25.0278	0			
24.9628	30	25.0352	0			
24.9701	30	25.0425	0			
24.9775	43	25.0498	0			
24.9848	38	25.0572	0			
24.9921	43	25.0645	0			
25.0005	42	25.0718	0			
25.0068	42	25.0792	0			
25.0141	34	25.0865	0			
25.0215	48	25.0938	0			
25.0288	44	25.1012	0			
25.0361	52	25.1085	0			
25.0435	51	25.1158	0			
25.0508	39	25.1232	0			
25.0581	39	25.1305	0			
25.0654	49	25.1378	0			
25.0728	39	25.1451	0			
25.0801	38	25.1525	0			
25.0874	40	25.1598	0			
25.0948	46	25.1671	0			
25.1021	50	25.1745	0			
25.1094	47	25.1818	0			
25.1168	40	25.1891	0			
25.1241	47	25.1965	1			
25.1314	43	25.2038	0			
25.1388	44	25.2111	0			
25.1461	44	25.2185	0			
25.1534	48	25.2258	0			
25.1608	52	25.2331	0			
25.1681	41	25.2405	2			
25.1754	27	25.2478	0			
25.1827	46	25.2551	0			
25.1901	34	25.2624	0			
25.1974	34	25.2698	0			
25.2047	48	25.2771	0			
25.2121	46	25.2844	0			
25.2194	37	25.2918	0			
25.2267	35	25.2991	0			
25.2341	42	25.3064	0			
25.2414	37	25.3138	0			
25.2487	43	25.3211	0			
25.2561	33	25.3284	0			
25.2634	49	25.3358	0			
25.2707	41	25.3431	0			
25.2781	35	25.3504	0			
25.2854	44	25.3578	0			
25.2927	40	25.3651	1			
25.3	36	25.3724	0			
25.3074	46	25.3797	0			
25.3147	38	25.3871	0			
25.322	43	25.3944	0			
25.3294	41	25.4017	0			
25.3367	34	25.4091	1			
25.344	35	25.4164	0			
25.3514	50	25.4237	0			
25.3587	32	25.4311	0			
25.366	49	25.4384	0			
25.3734	48	25.4457	0			
25.3807	46	25.4531	0			
25.388	52	25.4604	0			
25.3954	36	25.4677	0			
25.4027	33	25.4751	0			
25.41	39	25.4824	0			
25.4173	37	25.4897	0			
25.4247	41	25.497	0			
25.432	45	25.5044	0			
25.4393	43	25.5117	0			
25.4467	22	25.519	0			
25.454	27	25.5264	0			
25.4613	40	25.5337	0			
25.4687	44	25.541	0			
25.476	45	25.5484	0			
25.4833	40	25.5557	0			
25.4907	35	25.563	0			
25.498	43	25.5704	0			
25.5053	39	25.5777	0			
25.5127	50	25.585	0			
25.52	35	25.5924	0			
25.5273	34	25.5997	0			
25.5346	33	25.607	0			
25.542	41	25.6143	0			
25.5493	33	25.6217	1			
25.5566	32	25.629	0			
25.564	42	25.6363	0			
25.5713	31	25.6437	0			
25.5786	45	25.651	0			
25.586	38	25.6583	0			
25.5933	53	25.6657	0			
25.6006	30	25.673	0			
25.608	39	25.6803	0			
25.6153	43	25.6877	1			
25.6226	40	25.695	0			
25.63	42	25.7023	1			
25.6373	50	25.7097	0			
25.6446	43	25.717	0			
25.6519	46	25.7243	0			
25.6593	41	25.7316	0			
25.6666	43	25.739	0			
25.6739	52	25.7463	0			
25.6813	45	25.7536	0			
25.6886	38	25.761	1			
25.6959	40	25.7683	0			
25.7033	35	25.7756	0			
25.7106	33	25.783	0			
25.7179	35	25.7903	0			
25.7253	45	25.7976	0			
25.7326	53	25.805	0			
25.7399	42	25.8123	0			
25.7473	47	25.8196	0			
25.7546	45	25.827	0			
25.7619	48	25.8343	0			
25.7692	41	25.8416	0			
25.7766	39	25.8489	0			
25.7839	42	25.8563	0			
25.7912	39	25.8636	0			
25.7986	40	25.8709	0			
25.8059	42	25.8783	0			
25.8132	37	25.8856	0			
25.8206	29	25.8929	0			
25.8279	35	25.9003	0			
25.8352	31	25.9076	0			
25.8426	36	25.9149	0			
25.8499	28	25.9223	0			
25.8572	35	25.9296	0			
25.8645	40	25.9369	0			
25.8719	47	25.9443	0			
25.8792	35	25.9516	1			
25.8865	32	25.9589	0			
25.8939	51	25.9662	0			
25.9012	35	25.9736	0			
25.9085	30	25.9809	0			
25.9159	30	25.9882	0			
25.9232	42	25.9956	0			
25.9305	44	26.0029	0			
25.9379	34	26.0102	0			
25.9452	40	26.0176	0			
25.9525	39	26.0249	0			
25.9599	26	26.0322	0			
25.9672	37	26.0396	0			
25.9745	38	26.0469	0			
25.9818	44	26.0542	0			
25.9892	46	26.0615	0			
25.9965	43	26.0689	0			
26.0038	38	26.0762	0			
26.0112	34	26.0835	0			
26.0185	34	26.0909	0			
26.0258	44	26.0982	0			
26.0332	39	26.1055	0			
26.0405	28	26.1129	0			
26.0478	43	26.1202	0			
26.0552	28	26.1275	0			
26.0625	42	26.1349	0			
26.0698	31	26.1422	0			
26.0772	40	26.1495	0			
26.0845	35	26.1569	0			
26.0918	38	26.1642	0			
26.0991	36	26.1715	1			
26.1065	38	26.1788	0			
26.1138	38	26.1862	0			
26.1211	27	26.1935	0			
26.1285	47	26.2008	0			
26.1358	35	26.2082	0			
26.1431	32	26.2155	0			
26.1505	35	26.2228	0			
26.1578	36	26.2302	0			
26.1651	39	26.2375	0			
26.1725	46	26.2448	0			
26.1798	40	26.2522	0			
26.1871	32	26.2595	0			
26.1945	34	26.2668	0			
26.2018	33	26.2742	0			
26.2091	35	26.2815	0			
26.2164	37	26.2888	0			
26.2238	32	26.2961	0			
26.2311	36	26.3035	0			
26.2384	44	26.3108	0			
26.2458	37	26.3181	0			
26.2531	30	26.3255	0			
26.2604	40	26.3328	1			
26.2678	38	26.3401	0			
26.2751	38	26.3475	0			
26.2824	31	26.3548	0			
26.2898	39	26.3621	0			
26.2971	53	26.3695	0			
26.3044	43	26.3768	0			
26.3118	27	26.3841	0			
26.3191	33	26.3915	0			
26.3264	30	26.3988	0			
26.3337	29	26.4061	0			
26.3411	30	26.4134	0			
26.3484	36	26.4208	0			
26.3557	37	26.4281	0			
26.3631	27	26.4354	0			
26.3704	36	26.4428	0			
26.3777	39	26.4501	0			
26.3851	44	26.4574	0			
26.3924	29	26.4648	0			
26.3997	37	26.4721	0			
26.4071	34	26.4794	0			
26.4144	35	26.4868	0			
26.4217	33	26.4941	0			
26.4291	29	26.5014	0			
26.4364	35	26.5088	0			
26.4437	38	26.5161	0			
26.451	32	26.5234	0			
26.4584	35	26.5307	0			
26.4657	31	26.5381	0			
26.473	22	26.5454	0			
26.4804	34	26.5527	0			
26.4877	34	26.5601	0			
26.495	29	26.5674	0			
26.5024	35	26.5747	0			
26.5097	30	26.5821	0			
26.517	32	26.5894	0			
26.5244	35	26.5967	0			
26.5317	22	26.6041	0			
26.539	24	26.6114	0			
26.5464	37	26.6187	1			
26.5537	34	26.6261	0			
26.561	35	26.6334	0			
26.5683	37	26.6407	0			
26.5757	28	26.648	0			
26.583	31	26.6554	0			
26.5903	33	26.6627	0			
26.5977	30	26.67	0			
26.605	38	26.6774	0			
26.6123	33	26.6847	0			
26.6197	34	26.692	0			
26.627	33	26.6994	0			
26.6343	31	26.7067	0			
26.6417	31	26.714	0			
26.649	24	26.7214	1			
26.6563	33	26.7287	0			
26.6637	36	26.736	0			
26.671	40	26.7434	0			
26.6783	33	26.7507	0			
26.6856	30	26.758	0			
26.693	32	26.7653	0			
26.7003	33	26.7727	0			
26.7076	36	26.78	0			
26.715	33	26.7873	1			
26.7223	25	26.7947	0			
26.7296	26	26.802	0			
26.737	23	26.8093	0			
26.7443	42	26.8167	0			
26.7516	41	26.824	0			
26.759	29	26.8313	0			
26.7663	32	26.8387	0			
26.7736	39	26.846	0			
26.781	29	26.8533	0			
26.7883	23	26.8607	0			
26.7956	32	26.868	0			
26.8029	29	26.8753	0			
26.8103	35	26.8826	0			
26.8176	29	26.89	0			
26.8249	35	26.8973	0			
26.8323	35	26.9046	0			
26.8396	35	26.912	0			
26.8469	39	26.9193	0			
26.8543	33	26.9266	0			
26.8616	33	26.934	0			
26.8689	34	26.9413	1			
26.8763	31	26.9486	0			
26.8836	28	26.956	0			
26.8909	30	26.9633	1			
26.8983	33	26.9706	0			
26.9056	27	26.978	0			
26.9129	37	26.9853	0			
26.9202	35	26.9926	0			
26.9276	33	27.0001	0			
26.9349	24	27.0073	0			
26.9422	26	27.0146	0			
26.9496	32	27.0219	0			
26.9569	24	27.0293	0			
26.9642	26	27.0366	0			
26.9716	30	27.0439	0			
26.9789	31	27.0513	0			
26.9862	31	27.0586	0			
26.9936	28	27.0659	0			
27.0009	26	27.0733	1			
27.0082	31	27.0806	0			
27.0156	40	27.0879	0			
27.0229	44	27.0953	0			
27.0302	33	27.1026	0			
27.0375	33	27.1099	0			
27.0449	22	27.1172	0			
27.0522	29	27.1246	0			
27.0595	29	27.1319	0			
27.0669	33	27.1392	0			
27.0742	28	27.1466	0			
27.0815	23	27.1539	0			
27.0889	39	27.1612	0			
27.0962	40	27.1686	0			
27.1035	29	27.1759	0			
27.1109	26	27.1832	0			
27.1182	29	27.1906	0			
27.1255	30	27.1979	0			
27.1329	27	27.2052	0			
27.1402	23	27.2126	0			
27.1475	33	27.2199	0			
27.1548	26	27.2272	0			
27.1622	27	27.2345	0			
27.1695	28	27.2419	0			
27.1768	21	27.2492	0			
27.1842	38	27.2565	0			
27.1915	28	27.2639	0			
27.1988	27	27.2712	0			
27.2062	24	27.2785	0			
27.2135	35	27.2859	0			
27.2208	34	27.2932	0			
27.2282	34	27.3005	1			
27.2355	22	27.3079	0			
27.2428	31	27.3152	0			
27.2502	32	27.3225	0			
27.2575	21	27.3299	0			
27.2648	25	27.3372	0			
27.2721	25	27.3445	0			
27.2795	33	27.3518	0			
27.2868	22	27.3592	0			
27.2941	30	27.3665	0			
27.3015	36	27.3738	0			
27.3088	22	27.3812	0			
27.3161	28	27.3885	0			
27.3235	25	27.3958	0			
27.3308	29	27.4032	0			
27.3381	28	27.4105	0			
27.3455	26	27.4178	0			
27.3528	34	27.4252	0			
27.3601	33	27.4325	0			
27.3675	27	27.4398	0			
27.3748	27	27.4472	0			
27.3821	31	27.4545	0			
27.3894	25	27.4618	0			
27.3968	25	27.4691	0			
27.4041	30	27.4765	0			
27.4114	16	27.4838	0			
27.4188	28	27.4911	0			
27.4261	37	27.4985	0			
27.4334	24	27.5058	0			
27.4408	27	27.5131	0			
27.4481	31	27.5205	0			
27.4554	27	27.5278	0			
27.4628	18	27.5351	0			
27.4701	20	27.5425	0			
27.4774	29	27.5498	0			
27.4847	23	27.5571	0			
27.4921	27	27.5645	1			
27.4994	26	27.5718	0			
27.5067	35	27.5791	0			
27.5141	22	27.5864	0			
27.5214	24	27.5938	0			
27.5287	27	27.6011	0			
27.5361	24	27.6084	0			
27.5434	30	27.6158	0			
27.5507	28	27.6231	0			
27.5581	29	27.6304	0			
27.5654	25	27.6378	0			
27.5727	23	27.6451	0			
27.5801	25	27.6524	0			
27.5874	26	27.6598	0			
27.5947	26	27.6671	0			
27.602	32	27.6744	0			
27.6094	32	27.6817	1			
27.6167	25	27.6891	0			
27.624	27	27.6964	0			
27.6314	22	27.7037	0			
27.6387	31	27.7111	0			
27.646	29	27.7184	0			
27.6534	28	27.7257	1			
27.6607	33	27.7331	0			
27.668	27	27.7404	0			
27.6754	24	27.7477	0			
27.6827	26	27.7551	1			
27.69	16	27.7624	0			
27.6974	31	27.7697	0			
27.7047	33	27.7771	0			
27.712	37	27.7844	0			
27.7193	28	27.7917	0			
27.7267	33	27.799	0			
27.734	32	27.8064	0			
27.7413	36	27.8137	0			
27.7487	26	27.821	1			
27.756	35	27.8284	0			
27.7633	25	27.8357	0			
27.7707	29	27.843	0			
27.778	26	27.8504	0			
27.7853	20	27.8577	0			
27.7927	24	27.865	0			
27.8	26	27.8724	0			
27.8073	23	27.8797	0			
27.8147	30	27.887	0			
27.822	17	27.8944	0			
27.8293	24	27.9017	0			
27.8366	19	27.909	0			
27.844	25	27.9163	0			
27.8513	19	27.9237	0			
27.8586	25	27.931	0			
27.866	16	27.9383	0			
27.8733	21	27.9457	0			
27.8806	28	27.953	0			
27.888	30	27.9603	0			
27.8953	30	27.9677	0			
27.9026	22	27.975	0			
27.91	28	27.9823	0			
27.9173	20	27.9897	0			
27.9246	33	27.997	0			
27.932	27	28.0043	0			
27.9393	26	28.0117	0			
27.9466	24	28.019	0			
27.9539	22	28.0263	1			
27.9613	26	28.0336	0			
27.9686	30	28.041	0			
27.9759	26	28.0483	0			
27.9833	32	28.0556	0			
27.9906	22	28.063	0			
27.9979	25	28.0703	0			
28.0053	30	28.0776	0			
28.0126	31	28.085	0			
28.0199	23	28.0923	0			
28.0273	24	28.0996	0			
28.0346	32	28.107	0			
28.0419	25	28.1143	0			
28.0493	29	28.1216	0			
28.0566	22	28.129	0			
28.0639	27	28.1363	0			
28.0712	31	28.1436	0			
28.0786	30	28.1509	0			
28.0859	32	28.1583	0			
28.0932	22	28.1656	0			
28.1006	31	28.1729	0			
28.1079	26	28.1803	0			
28.1152	25	28.1876	0			
28.1226	30	28.1949	0			
28.1299	27	28.2023	0			
28.1372	26	28.2096	0			
28.1446	28	28.2169	0			
28.1519	23	28.2243	0			
28.1592	35	28.2316	0			
28.1666	32	28.2389	0			
28.1739	25	28.2463	0			
28.1812	19	28.2536	0			
28.1885	28	28.2609	0			
28.1959	27	28.2682	0			
28.2032	32	28.2756	0			
28.2105	30	28.2829	0			
28.2179	24	28.2902	0			
28.2252	22	28.2976	0			
28.2325	31	28.3049	0			
28.2399	28	28.3122	0			
28.2472	23	28.3196	0			
28.2545	27	28.3269	0			
28.2619	25	28.3342	0			
28.2692	31	28.3416	0			
28.2765	22	28.3489	0			
28.2839	26	28.3562	0			
28.2912	33	28.3636	0			
28.2985	28	28.3709	0			
28.3058	22	28.3782	0			
28.3132	20	28.3855	0			
28.3205	15	28.3929	0			
28.3278	27	28.4002	0			
28.3352	25	28.4075	0			
28.3425	30	28.4149	0			
28.3498	22	28.4222	0			
28.3572	24	28.4295	0			
28.3645	34	28.4369	0			
28.3718	34	28.4442	0			
28.3792	34	28.4515	0			
28.3865	27	28.4589	0			
28.3938	37	28.4662	0			
28.4012	21	28.4735	0			
28.4085	24	28.4809	0			
28.4158	23	28.4882	0			
28.4231	26	28.4955	1			
28.4305	31	28.5028	0			
28.4378	23	28.5102	0			
28.4451	23	28.5175	0			
28.4525	23	28.5248	0			
28.4598	35	28.5322	0			
28.4671	21	28.5395	0			
28.4745	28	28.5468	0			
28.4818	31	28.5542	0			
28.4891	34	28.5615	0			
28.4965	34	28.5688	0			
28.5038	31	28.5762	0			
28.5111	20	28.5835	0			
28.5185	23	28.5908	0			
28.5258	24	28.5982	0			
28.5331	25	28.6055	0			
28.5404	28	28.6128	0			
28.5478	27	28.6201	0			
28.5551	28	28.6275	0			
28.5624	25	28.6348	0			
28.5698	25	28.6421	0			
28.5771	21	28.6495	0			
28.5844	24	28.6568	0			
28.5918	27	28.6641	1			
28.5991	22	28.6715	0			
28.6064	32	28.6788	0			
28.6138	21	28.6861	0			
28.6211	22	28.6935	0			
28.6284	22	28.7008	0			
28.6358	26	28.7081	0			
28.6431	22	28.7155	0			
28.6504	22	28.7228	0			
28.6577	24	28.7301	0			
28.6651	30	28.7374	0			
28.6724	31	28.7448	0			
28.6797	27	28.7521	0			
28.6871	21	28.7594	1			
28.6944	19	28.7668	0			
28.7017	24	28.7741	0			
28.7091	20	28.7814	0			
28.7164	21	28.7888	0			
28.7237	36	28.7961	0			
28.7311	31	28.8034	0			
28.7384	23	28.8108	1			
28.7457	27	28.8181	0			
28.7531	20	28.8254	0			
28.7604	18	28.8328	0			
28.7677	26	28.8401	0			
28.775	21	28.8474	0			
28.7824	17	28.8547	0			
28.7897	16	28.8621	0			
28.797	33	28.8694	0			
28.8044	28	28.8767	0			
28.8117	24	28.8841	0			
28.819	16	28.8914	0			
28.8264	29	28.8987	0			
28.8337	18	28.9061	0			
28.841	28	28.9134	0			
28.8484	26	28.9207	0			
28.8557	20	28.9281	0			
28.863	21	28.9354	0			
28.8704	28	28.9427	0			
28.8777	24	28.9501	0			
28.885	20	28.9574	0			
28.8923	15	28.9647	0			
28.8997	9	28.972	0			
28.907	17	28.9794	0			
28.9143	34	28.9867	0			
28.9217	21	28.994	0			
28.929	19	29.0014	0			
28.9363	32	29.0087	0			
28.9437	26	29.016	0			
28.951	20	29.0234	0			
28.9583	34	29.0307	1			
28.9657	27	29.038	0			
28.973	19	29.0454	0			
28.9803	17	29.0527	1			
28.9877	29	29.06	0			
28.995	21	29.0674	0			
29.0023	25	29.0747	0			
29.0096	23	29.082	0			
29.017	27	29.0893	0			
29.0243	24	29.0967	0			
29.0316	16	29.104	0			
29.039	21	29.1113	0			
29.0463	15	29.1187	0			
29.0536	19	29.126	0			
29.061	26	29.1333	0			
29.0683	23	29.1407	0			
29.0756	13	29.148	0			
29.083	24	29.1553	0			
29.0903	34	29.1627	0			
29.0976	30	29.17	0			
29.1049	30	29.1773	0			
29.1123	32	29.1847	0			
29.1196	21	29.192	0			
29.1269	23	29.1993	0			
29.1343	40	29.2066	0			
29.1416	21	29.214	0			
29.1489	24	29.2213	0			
29.1563	21	29.2286	0			
29.1636	18	29.236	0			
29.1709	24	29.2433	0			
29.1783	29	29.2506	1			
29.1856	23	29.258	0			
29.1929	20	29.2653	0			
29.2003	26	29.2726	0			
29.2076	18	29.28	1			
29.2149	20	29.2873	0			
29.2222	18	29.2946	0			
29.2296	21	29.3019	1			
29.2369	16	29.3093	0			
29.2442	23	29.3166	0			
29.2516	24	29.3239	0			
29.2589	24	29.3313	0			
29.2662	19	29.3386	0			
29.2736	24	29.3459	0			
29.2809	18	29.3533	0			
29.2882	22	29.3606	0			
29.2956	17	29.3679	0			
29.3029	13	29.3753	0			
29.3102	16	29.3826	0			
29.3176	29	29.3899	0			
29.3249	29	29.3973	0			
29.3322	24	29.4046	0			
29.3395	27	29.4119	0			
29.3469	20	29.4192	0			
29.3542	35	29.4266	0			
29.3615	19	29.4339	0			
29.3689	22	29.4412	0			
29.3762	27	29.4486	0			
29.3835	21	29.4559	0			
29.3909	23	29.4632	0			
29.3982	22	29.4706	0			
29.4055	18	29.4779	0			
29.4129	16	29.4852	0			
29.4202	20	29.4926	0			
29.4275	22	29.4999	0			
29.4349	22	29.5072	0			
29.4422	22	29.5146	0			
29.4495	16	29.5219	0			
29.4568	15	29.5292	0			
29.4642	22	29.5365	0			
29.4715	17	29.5439	0			
29.4788	23	29.5512	0			
29.4862	14	29.5585	0			
29.4935	18	29.5659	0			
29.5008	22	29.5732	0			
29.5082	15	29.5805	0			
29.5155	19	29.5879	0			
29.5228	33	29.5952	0			
29.5302	16	29.6025	0			
29.5375	14	29.6099	0			
29.5448	31	29.6172	0			
29.5522	20	29.6245	0			
29.5595	28	29.6319	0			
29.5668	20	29.6392	0			
29.5741	15	29.6465	0			
29.5815	19	29.6538	0			
29.5888	22	29.6612	0			
29.5961	18	29.6685	0			
29.6035	17	29.6758	0			
29.6108	32	29.6832	0			
29.6181	15	29.6905	0			
29.6255	12	29.6978	0			
29.6328	18	29.7052	0			
29.6401	17	29.7125	0			
29.6475	11	29.7198	0			
29.6548	29	29.7272	0			
29.6621	19	29.7345	0			
29.6695	14	29.7418	0			
29.6768	19	29.7492	0			
29.6841	14	29.7565	0			
29.6914	21	29.7638	0			
29.6988	17	29.7711	1			
29.7061	24	29.7785	0			
29.7134	24	29.7858	0			
29.7208	17	29.7931	0			
29.7281	19	29.8005	0			
29.7354	18	29.8078	0			
29.7428	18	29.8151	0			
29.7501	18	29.8225	0			
29.7574	14	29.8298	0			
29.7648	10	29.8371	0			
29.7721	21	29.8445	0			
29.7794	25	29.8518	0			
29.7868	20	29.8591	0			
29.7941	15	29.8665	0			
29.8014	20	29.8738	0			
29.8087	19	29.8811	0			
29.8161	14	29.8884	0			
29.8234	18	29.8958	0			
29.8307	17	29.9031	0			
29.8381	13	29.9104	0			
29.8454	16	29.9178	0			
29.8527	17	29.9251	0			
29.8601	10	29.9324	0			
29.8674	14	29.9398	0			
29.8747	10	29.9471	0			
29.8821	13	29.9544	0			
29.8894	26	29.9618	0			
29.8967	18	29.9691	0			
29.9041	14	29.9764	0			
29.9114	15	29.9838	0			
29.9187	17	30.0089	0			
29.926	13	30.0016	0			
29.9334	10	30.0057	0			
29.9407	17	30.0131	0			
29.948	13	30.0204	0			
29.9554	17	30.0277	0			
29.9627	13	30.0351	0			
29.97	11	30.0424	0			
29.9774	7	30.0497	0			
29.9847	14	30.0571	0			
30.0071	15	30.0644	0			
30.0006	16	30.0717	0			
30.0067	19	30.0791	0			
30.014	13	30.0864	0			
						
						
						
						
						
						
						
						
						
						
						
						
						
						
						
						
						
						
						
						
						
						
						
						
						
						
