PicoQuant	FluoFit	4.4.0.1				
Saved	:	08/04/2011	16:20:08			
Data	Set	#0				
Decay	IRF					
t[ns]	Intens.	t[ns]	Intens.			
0.0000	2	0.0640	1			
0.0073	0	0.0713	0			
0.0147	0	0.0787	0			
0.0220	1	0.0860	0			
0.0293	0	0.0933	0			
0.0367	0	0.1007	0			
0.0440	1	0.1080	0			
0.0513	1	0.1153	0			
0.0586	1	0.1226	0			
0.0660	1	0.1300	0			
0.0733	0	0.1373	0			
0.0806	0	0.1446	0			
0.0880	1	0.1520	0			
0.0953	1	0.1593	1			
0.1026	1	0.1666	0			
0.1100	1	0.1740	0			
0.1173	0	0.1813	0			
0.1246	0	0.1886	0			
0.1320	2	0.1960	0			
0.1393	0	0.2033	0			
0.1466	2	0.2106	0			
0.1540	1	0.2180	0			
0.1613	0	0.2253	1			
0.1686	0	0.2326	0			
0.1759	0	0.2399	1			
0.1833	0	0.2473	0			
0.1906	1	0.2546	0			
0.1979	0	0.2619	0			
0.2053	0	0.2693	0			
0.2126	1	0.2766	0			
0.2199	0	0.2839	0			
0.2273	0	0.2913	0			
0.2346	1	0.2986	0			
0.2419	0	0.3059	0			
0.2493	1	0.3133	0			
0.2566	0	0.3206	0			
0.2639	0	0.3279	0			
0.2713	2	0.3353	0			
0.2786	0	0.3426	0			
0.2859	0	0.3499	0			
0.2932	1	0.3572	0			
0.3006	0	0.3646	0			
0.3079	1	0.3719	0			
0.3152	1	0.3792	0			
0.3226	0	0.3866	0			
0.3299	0	0.3939	0			
0.3372	0	0.4012	0			
0.3446	0	0.4086	0			
0.3519	1	0.4159	0			
0.3592	0	0.4232	1			
0.3666	0	0.4306	0			
0.3739	0	0.4379	1			
0.3812	1	0.4452	0			
0.3886	0	0.4526	0			
0.3959	0	0.4599	0			
0.4032	1	0.4672	0			
0.4105	0	0.4745	1			
0.4179	0	0.4819	0			
0.4252	1	0.4892	0			
0.4325	0	0.4965	0			
0.4399	1	0.5039	0			
0.4472	0	0.5112	0			
0.4545	0	0.5185	0			
0.4619	0	0.5259	0			
0.4692	2	0.5332	0			
0.4765	0	0.5405	0			
0.4839	1	0.5479	0			
0.4912	0	0.5552	0			
0.4985	0	0.5625	0			
0.5059	0	0.5699	0			
0.5132	0	0.5772	0			
0.5205	0	0.5845	0			
0.5278	1	0.5918	0			
0.5352	1	0.5992	0			
0.5425	0	0.6065	0			
0.5498	0	0.6138	0			
0.5572	0	0.6212	0			
0.5645	1	0.6285	0			
0.5718	0	0.6358	0			
0.5792	1	0.6432	0			
0.5865	0	0.6505	0			
0.5938	0	0.6578	0			
0.6012	0	0.6652	1			
0.6085	1	0.6725	0			
0.6158	1	0.6798	0			
0.6232	0	0.6872	0			
0.6305	0	0.6945	0			
0.6378	0	0.7018	1			
0.6451	1	0.7091	1			
0.6525	1	0.7165	0			
0.6598	0	0.7238	0			
0.6671	1	0.7311	0			
0.6745	0	0.7385	0			
0.6818	1	0.7458	0			
0.6891	0	0.7531	0			
0.6965	0	0.7605	0			
0.7038	0	0.7678	0			
0.7111	0	0.7751	0			
0.7185	0	0.7825	0			
0.7258	0	0.7898	0			
0.7331	2	0.7971	0			
0.7405	0	0.8045	0			
0.7478	0	0.8118	0			
0.7551	1	0.8191	0			
0.7624	0	0.8264	1			
0.7698	0	0.8338	0			
0.7771	1	0.8411	0			
0.7844	0	0.8484	0			
0.7918	0	0.8558	0			
0.7991	1	0.8631	0			
0.8064	0	0.8704	0			
0.8138	0	0.8778	0			
0.8211	1	0.8851	0			
0.8284	0	0.8924	0			
0.8358	1	0.8998	0			
0.8431	0	0.9071	0			
0.8504	0	0.9144	0			
0.8578	0	0.9218	1			
0.8651	0	0.9291	0			
0.8724	0	0.9364	1			
0.8797	1	0.9437	0			
0.8871	0	0.9511	0			
0.8944	1	0.9584	0			
0.9017	1	0.9657	0			
0.9091	0	0.9731	0			
0.9164	0	0.9804	2			
0.9237	0	0.9877	1			
0.9311	0	0.9951	0			
0.9384	0	1.0024	0			
0.9457	0	1.0097	1			
0.9531	0	1.0171	0			
0.9604	1	1.0244	0			
0.9677	1	1.0317	1			
0.9751	0	1.0391	1			
0.9824	1	1.0464	0			
0.9897	0	1.0537	0			
0.997	0	1.061	0			
1.0044	0	1.0684	0			
1.0117	0	1.0757	0			
1.019	0	1.083	0			
1.0264	0	1.0904	1			
1.0337	0	1.0977	1			
1.041	0	1.105	1			
1.0484	3	1.1124	1			
1.0557	0	1.1197	0			
1.063	0	1.127	1			
1.0704	0	1.1344	0			
1.0777	0	1.1417	1			
1.085	0	1.149	2			
1.0924	1	1.1563	0			
1.0997	0	1.1637	0			
1.107	0	1.171	0			
1.1143	0	1.1783	0			
1.1217	0	1.1857	0			
1.129	1	1.193	0			
1.1363	0	1.2003	0			
1.1437	1	1.2077	0			
1.151	1	1.215	1			
1.1583	0	1.2223	0			
1.1657	0	1.2297	1			
1.173	1	1.237	1			
1.1803	1	1.2443	0			
1.1877	1	1.2517	0			
1.195	1	1.259	0			
1.2023	0	1.2663	0			
1.2097	3	1.2736	0			
1.217	1	1.281	0			
1.2243	1	1.2883	0			
1.2316	0	1.2956	0			
1.239	0	1.303	0			
1.2463	1	1.3103	0			
1.2536	0	1.3176	0			
1.261	2	1.325	0			
1.2683	0	1.3323	0			
1.2756	0	1.3396	0			
1.283	0	1.347	0			
1.2903	0	1.3543	0			
1.2976	1	1.3616	0			
1.305	3	1.369	0			
1.3123	2	1.3763	0			
1.3196	1	1.3836	0			
1.327	1	1.3909	0			
1.3343	1	1.3983	0			
1.3416	1	1.4056	0			
1.3489	1	1.4129	0			
1.3563	0	1.4203	0			
1.3636	3	1.4276	1			
1.3709	0	1.4349	0			
1.3783	3	1.4423	0			
1.3856	1	1.4496	0			
1.3929	1	1.4569	0			
1.4003	1	1.4643	0			
1.4076	2	1.4716	0			
1.4149	1	1.4789	0			
1.4223	1	1.4863	0			
1.4296	0	1.4936	0			
1.4369	1	1.5009	0			
1.4443	0	1.5082	0			
1.4516	1	1.5156	0			
1.4589	0	1.5229	0			
1.4662	3	1.5302	0			
1.4736	1	1.5376	0			
1.4809	1	1.5449	0			
1.4882	1	1.5522	0			
1.4956	0	1.5596	0			
1.5029	0	1.5669	0			
1.5102	2	1.5742	0			
1.5176	2	1.5816	0			
1.5249	1	1.5889	1			
1.5322	0	1.5962	0			
1.5396	1	1.6036	0			
1.5469	0	1.6109	0			
1.5542	1	1.6182	0			
1.5616	2	1.6255	0			
1.5689	1	1.6329	0			
1.5762	1	1.6402	0			
1.5835	1	1.6475	0			
1.5909	0	1.6549	0			
1.5982	2	1.6622	0			
1.6055	2	1.6695	0			
1.6129	1	1.6769	0			
1.6202	1	1.6842	0			
1.6275	1	1.6915	0			
1.6349	2	1.6989	0			
1.6422	1	1.7062	0			
1.6495	0	1.7135	0			
1.6569	3	1.7209	0			
1.6642	3	1.7282	0			
1.6715	0	1.7355	0			
1.6788	0	1.7428	0			
1.6862	3	1.7502	0			
1.6935	3	1.7575	0			
1.7008	1	1.7648	0			
1.7082	1	1.7722	0			
1.7155	0	1.7795	0			
1.7228	0	1.7868	0			
1.7302	2	1.7942	0			
1.7375	0	1.8015	1			
1.7448	4	1.8088	0			
1.7522	3	1.8162	0			
1.7595	1	1.8235	0			
1.7668	1	1.8308	1			
1.7742	3	1.8382	0			
1.7815	0	1.8455	0			
1.7888	1	1.8528	1			
1.7961	0	1.8601	0			
1.8035	1	1.8675	0			
1.8108	2	1.8748	0			
1.8181	3	1.8821	0			
1.8255	2	1.8895	0			
1.8328	0	1.8968	0			
1.8401	0	1.9041	1			
1.8475	2	1.9115	0			
1.8548	1	1.9188	0			
1.8621	1	1.9261	0			
1.8695	1	1.9335	0			
1.8768	1	1.9408	0			
1.8841	0	1.9481	0			
1.8915	3	1.9555	0			
1.8988	0	1.9628	0			
1.9061	2	1.9701	0			
1.9134	1	1.9774	1			
1.9208	1	1.9848	0			
1.9281	0	1.9921	0			
1.9354	0	2.0006	0			
1.9428	1	2.0068	0			
1.9501	2	2.0141	0			
1.9574	1	2.0214	0			
1.9648	1	2.0288	1			
1.9721	1	2.0361	0			
1.9794	1	2.0434	0			
1.9868	1	2.0508	1			
1.9941	1	2.0581	0			
2.0014	0	2.0654	0			
2.0088	0	2.0728	0			
2.0161	2	2.0801	0			
2.0234	1	2.0874	0			
2.0307	4	2.0947	0			
2.0381	0	2.1021	0			
2.0454	4	2.1094	0			
2.0527	2	2.1167	0			
2.0601	0	2.1241	0			
2.0674	2	2.1314	0			
2.0747	0	2.1387	0			
2.0821	3	2.1461	0			
2.0894	0	2.1534	0			
2.0967	1	2.1607	0			
2.1041	0	2.1681	0			
2.1114	1	2.1754	0			
2.1187	1	2.1827	0			
2.1261	1	2.1901	0			
2.1334	0	2.1974	0			
2.1407	1	2.2047	0			
2.148	0	2.212	1			
2.1554	1	2.2194	0			
2.1627	2	2.2267	0			
2.17	1	2.234	0			
2.1774	0	2.2414	0			
2.1847	2	2.2487	0			
2.192	1	2.256	0			
2.1994	0	2.2634	0			
2.2067	0	2.2707	0			
2.214	2	2.278	0			
2.2214	2	2.2854	0			
2.2287	1	2.2927	0			
2.236	1	2.3	0			
2.2434	1	2.3074	0			
2.2507	0	2.3147	0			
2.258	2	2.322	0			
2.2653	1	2.3293	0			
2.2727	3	2.3367	0			
2.28	0	2.344	0			
2.2873	5	2.3513	0			
2.2947	1	2.3587	0			
2.302	0	2.366	0			
2.3093	0	2.3733	0			
2.3167	1	2.3807	0			
2.324	1	2.388	0			
2.3313	0	2.3953	0			
2.3387	0	2.4027	1			
2.346	1	2.41	0			
2.3533	1	2.4173	0			
2.3607	1	2.4247	0			
2.368	0	2.432	1			
2.3753	0	2.4393	2			
2.3826	0	2.4466	0			
2.39	1	2.454	0			
2.3973	1	2.4613	1			
2.4046	2	2.4686	1			
2.412	1	2.476	0			
2.4193	2	2.4833	0			
2.4266	2	2.4906	0			
2.434	0	2.498	1			
2.4413	2	2.5053	2			
2.4486	1	2.5126	1			
2.456	1	2.52	2			
2.4633	0	2.5273	2			
2.4706	0	2.5346	1			
2.478	0	2.542	1			
2.4853	1	2.5493	4			
2.4926	0	2.5566	0			
2.5001	1	2.5639	1			
2.5073	2	2.5713	1			
2.5146	2	2.5786	3			
2.5219	1	2.5859	3			
2.5293	1	2.5933	1			
2.5366	1	2.6006	1			
2.5439	1	2.6079	2			
2.5513	0	2.6153	2			
2.5586	2	2.6226	2			
2.5659	1	2.6299	4			
2.5733	4	2.6373	6			
2.5806	1	2.6446	6			
2.5879	1	2.6519	8			
2.5953	2	2.6593	8			
2.6026	2	2.6666	16			
2.6099	2	2.6739	4			
2.6172	3	2.6812	12			
2.6246	3	2.6886	9			
2.6319	2	2.6959	29			
2.6392	5	2.7032	30			
2.6466	5	2.7106	34			
2.6539	7	2.7179	62			
2.6612	6	2.7252	74			
2.6686	9	2.7326	103			
2.6759	9	2.7399	188			
2.6832	7	2.7472	280			
2.6906	7	2.7546	539			
2.6979	21	2.7619	847			
2.7052	14	2.7692	1480			
2.7126	17	2.7765	2179			
2.7199	29	2.7839	3425			
2.7272	34	2.7912	4772			
2.7345	50	2.7985	6356			
2.7419	78	2.8059	7951			
2.7492	92	2.8132	9514			
2.7565	158	2.8205	10510			
2.7639	247	2.8279	11049			
2.7712	398	2.8352	10838			
2.7785	610	2.8425	10263			
2.7859	944	2.8499	9325			
2.7932	1393	2.8572	7819			
2.8005	1928	2.8645	6538			
2.8079	2712	2.8719	5181			
2.8152	3746	2.8792	4018			
2.8225	4562	2.8865	3168			
2.8299	5729	2.8938	2372			
2.8372	6663	2.9012	1847			
2.8445	7818	2.9085	1425			
2.8518	8404	2.9158	1055			
2.8592	9236	2.9232	832			
2.8665	9509	2.9305	622			
2.8738	10231	2.9378	518			
2.8812	10490	2.9452	458			
2.8885	10565	2.9525	372			
2.8958	10791	2.9598	318			
2.9032	11023	2.9672	279			
2.9105	11002	2.9745	273			
2.9178	10961	2.9818	264			
2.9252	10748	2.9892	240			
2.9325	10660	2.9965	246			
2.9398	10891	3.0038	266			
2.9472	10706	3.0111	251			
2.9545	10838	3.0185	261			
2.9618	10606	3.0258	243			
2.9691	10489	3.0331	268			
2.9765	10183	3.0405	291			
2.9838	10267	3.0478	269			
2.9911	10548	3.0551	280			
2.9985	10333	3.0625	297			
3.0058	10282	3.0698	265			
3.0131	10036	3.0771	268			
3.0205	9922	3.0845	240			
3.0278	9890	3.0918	231			
3.0351	9998	3.0991	243			
3.0425	9744	3.1065	234			
3.0498	9661	3.1138	239			
3.0571	9359	3.1211	229			
3.0645	9589	3.1284	220			
3.0718	9643	3.1358	213			
3.0791	9533	3.1431	236			
3.0864	9277	3.1504	202			
3.0938	9543	3.1578	238			
3.1011	9277	3.1651	251			
3.1084	9268	3.1724	253			
3.1158	8965	3.1798	243			
3.1231	9126	3.1871	267			
3.1304	9096	3.1944	280			
3.1378	9063	3.2018	283			
3.1451	9204	3.2091	270			
3.1524	9005	3.2164	271			
3.1598	8712	3.2238	279			
3.1671	8912	3.2311	263			
3.1744	8918	3.2384	267			
3.1818	8863	3.2457	245			
3.1891	8848	3.2531	215			
3.1964	8700	3.2604	221			
3.2037	8683	3.2677	248			
3.2111	8505	3.2751	224			
3.2184	8480	3.2824	191			
3.2257	8536	3.2897	164			
3.2331	8310	3.2971	142			
3.2404	8477	3.3044	139			
3.2477	8417	3.3117	139			
3.2551	8187	3.3191	114			
3.2624	8173	3.3264	89			
3.2697	8309	3.3337	82			
3.2771	8074	3.3411	64			
3.2844	8107	3.3484	68			
3.2917	8065	3.3557	57			
3.299	8012	3.363	54			
3.3064	8100	3.3704	51			
3.3137	7968	3.3777	49			
3.321	7733	3.385	36			
3.3284	7850	3.3924	44			
3.3357	7870	3.3997	54			
3.343	7711	3.407	58			
3.3504	7494	3.4144	52			
3.3577	7517	3.4217	43			
3.365	7522	3.429	41			
3.3724	7462	3.4364	29			
3.3797	7218	3.4437	37			
3.387	7470	3.451	35			
3.3944	7260	3.4584	23			
3.4017	7350	3.4657	25			
3.409	7078	3.473	31			
3.4163	7116	3.4803	30			
3.4237	7118	3.4877	19			
3.431	7136	3.495	21			
3.4383	7090	3.5023	20			
3.4457	6983	3.5097	28			
3.453	6888	3.517	25			
3.4603	6916	3.5243	22			
3.4677	6688	3.5317	13			
3.475	6626	3.539	22			
3.4823	6701	3.5463	18			
3.4897	6553	3.5537	22			
3.497	6646	3.561	21			
3.5043	6469	3.5683	17			
3.5117	6621	3.5757	22			
3.519	6436	3.583	15			
3.5263	6425	3.5903	22			
3.5336	6433	3.5976	18			
3.541	6354	3.605	26			
3.5483	6195	3.6123	13			
3.5556	6035	3.6196	13			
3.563	6062	3.627	13			
3.5703	6216	3.6343	13			
3.5776	6101	3.6416	9			
3.585	5950	3.649	10			
3.5923	5890	3.6563	14			
3.5996	5779	3.6636	11			
3.607	5779	3.671	16			
3.6143	5951	3.6783	17			
3.6216	5828	3.6856	10			
3.629	5652	3.693	3			
3.6363	5616	3.7003	8			
3.6436	5480	3.7076	7			
3.6509	5571	3.7149	4			
3.6583	5532	3.7223	11			
3.6656	5512	3.7296	10			
3.6729	5474	3.7369	15			
3.6803	5390	3.7443	8			
3.6876	5326	3.7516	5			
3.6949	5370	3.7589	13			
3.7023	5379	3.7663	4			
3.7096	5159	3.7736	15			
3.7169	5269	3.7809	10			
3.7243	5169	3.7883	15			
3.7316	5230	3.7956	13			
3.7389	5226	3.8029	13			
3.7463	4987	3.8103	11			
3.7536	4997	3.8176	5			
3.7609	5032	3.8249	6			
3.7682	4950	3.8322	5			
3.7756	4948	3.8396	2			
3.7829	4828	3.8469	5			
3.7902	4835	3.8542	5			
3.7976	4849	3.8616	5			
3.8049	4742	3.8689	2			
3.8122	4739	3.8762	2			
3.8196	4762	3.8836	2			
3.8269	4756	3.8909	4			
3.8342	4723	3.8982	2			
3.8416	4635	3.9056	2			
3.8489	4554	3.9129	2			
3.8562	4525	3.9202	4			
3.8636	4448	3.9276	4			
3.8709	4505	3.9349	2			
3.8782	4554	3.9422	2			
3.8855	4386	3.9495	6			
3.8929	4433	3.9569	4			
3.9002	4311	3.9642	3			
3.9075	4320	3.9715	4			
3.9149	4364	3.9789	5			
3.9222	4371	3.9862	5			
3.9295	4330	3.9935	6			
3.9369	4277	4.0009	6			
3.9442	4327	4.0082	4			
3.9515	4186	4.0155	7			
3.9589	4089	4.0229	8			
3.9662	4075	4.0302	12			
3.9735	4125	4.0375	5			
3.9809	4106	4.0449	8			
3.9882	4017	4.0522	5			
3.9955	3991	4.0595	1			
4.0028	3908	4.0668	4			
4.0102	3934	4.0742	3			
4.0175	3909	4.0815	8			
4.0248	3820	4.0888	2			
4.0322	3885	4.0962	2			
4.0395	3742	4.1035	1			
4.0468	3783	4.1108	5			
4.0542	3845	4.1182	0			
4.0615	3769	4.1255	1			
4.0688	3686	4.1328	1			
4.0762	3717	4.1402	2			
4.0835	3710	4.1475	0			
4.0908	3611	4.1548	2			
4.0982	3663	4.1622	3			
4.1055	3595	4.1695	1			
4.1128	3555	4.1768	1			
4.1201	3633	4.1841	2			
4.1275	3523	4.1915	2			
4.1348	3501	4.1988	2			
4.1421	3405	4.2061	2			
4.1495	3442	4.2135	0			
4.1568	3447	4.2208	1			
4.1641	3408	4.2281	0			
4.1715	3312	4.2355	1			
4.1788	3303	4.2428	0			
4.1861	3402	4.2501	0			
4.1935	3381	4.2575	1			
4.2008	3385	4.2648	1			
4.2081	3276	4.2721	0			
4.2155	3353	4.2795	0			
4.2228	3256	4.2868	0			
4.2301	3272	4.2941	0			
4.2374	3152	4.3014	0			
4.2448	3172	4.3088	2			
4.2521	3098	4.3161	0			
4.2594	3133	4.3234	0			
4.2668	3168	4.3308	0			
4.2741	3076	4.3381	2			
4.2814	3134	4.3454	0			
4.2888	2978	4.3528	0			
4.2961	3087	4.3601	1			
4.3034	2924	4.3674	0			
4.3108	3010	4.3748	0			
4.3181	3028	4.3821	0			
4.3254	2986	4.3894	0			
4.3328	2887	4.3967	0			
4.3401	2916	4.4041	0			
4.3474	2906	4.4114	0			
4.3547	2819	4.4187	0			
4.3621	2888	4.4261	0			
4.3694	2893	4.4334	0			
4.3767	2795	4.4407	0			
4.3841	2799	4.4481	0			
4.3914	2804	4.4554	0			
4.3987	2764	4.4627	1			
4.4061	2727	4.4701	0			
4.4134	2592	4.4774	0			
4.4207	2765	4.4847	0			
4.4281	2746	4.4921	2			
4.4354	2737	4.4994	1			
4.4427	2731	4.5067	0			
4.4501	2618	4.514	0			
4.4574	2699	4.5214	1			
4.4647	2608	4.5287	0			
4.472	2656	4.536	0			
4.4794	2542	4.5434	0			
4.4867	2553	4.5507	0			
4.494	2544	4.558	1			
4.5014	2523	4.5654	0			
4.5087	2480	4.5727	0			
4.516	2550	4.58	0			
4.5234	2527	4.5874	0			
4.5307	2436	4.5947	0			
4.538	2433	4.602	0			
4.5454	2407	4.6094	0			
4.5527	2439	4.6167	0			
4.56	2435	4.624	0			
4.5674	2384	4.6313	0			
4.5747	2373	4.6387	0			
4.582	2433	4.646	0			
4.5893	2358	4.6533	0			
4.5967	2316	4.6607	1			
4.604	2298	4.668	0			
4.6113	2238	4.6753	0			
4.6187	2261	4.6827	0			
4.626	2197	4.69	0			
4.6333	2229	4.6973	0			
4.6407	2236	4.7047	0			
4.648	2262	4.712	0			
4.6553	2302	4.7193	1			
4.6627	2163	4.7267	0			
4.67	2253	4.734	0			
4.6773	2138	4.7413	0			
4.6847	2113	4.7486	0			
4.692	2175	4.756	0			
4.6993	2136	4.7633	1			
4.7066	2092	4.7706	0			
4.714	2102	4.778	0			
4.7213	2103	4.7853	0			
4.7286	2087	4.7926	0			
4.736	2040	4.8	0			
4.7433	2076	4.8073	0			
4.7506	2084	4.8146	0			
4.758	2012	4.822	1			
4.7653	2040	4.8293	0			
4.7726	1982	4.8366	0			
4.78	2041	4.844	0			
4.7873	1971	4.8513	0			
4.7946	1967	4.8586	0			
4.802	1957	4.8659	0			
4.8093	1964	4.8733	2			
4.8166	1895	4.8806	0			
4.8239	1929	4.8879	0			
4.8313	1869	4.8953	0			
4.8386	1869	4.9026	1			
4.8459	1964	4.9099	0			
4.8533	1890	4.9173	1			
4.8606	1869	4.9246	0			
4.8679	1770	4.9319	0			
4.8753	1868	4.9393	1			
4.8826	1842	4.9466	0			
4.8899	1801	4.9539	0			
4.8973	1809	4.9613	0			
4.9046	1801	4.9686	0			
4.9119	1778	4.9759	2			
4.9192	1743	4.9832	0			
4.9266	1738	4.9906	0			
4.9339	1697	4.9979	0			
4.9412	1799	5.0052	0			
4.9486	1722	5.0126	0			
4.9559	1704	5.0199	0			
4.9632	1794	5.0272	1			
4.9706	1739	5.0346	0			
4.9779	1602	5.0419	0			
4.9852	1725	5.0492	0			
4.9926	1635	5.0566	0			
5.0001	1575	5.0639	0			
5.0072	1626	5.0712	1			
5.0146	1607	5.0786	0			
5.0219	1589	5.0859	0			
5.0292	1573	5.0932	0			
5.0365	1657	5.1005	0			
5.0439	1606	5.1079	0			
5.0512	1600	5.1152	0			
5.0585	1564	5.1225	0			
5.0659	1564	5.1299	0			
5.0732	1604	5.1372	0			
5.0805	1578	5.1445	0			
5.0879	1502	5.1519	0			
5.0952	1598	5.1592	0			
5.1025	1523	5.1665	0			
5.1099	1516	5.1739	0			
5.1172	1538	5.1812	0			
5.1245	1532	5.1885	0			
5.1319	1490	5.1959	0			
5.1392	1455	5.2032	0			
5.1465	1498	5.2105	0			
5.1538	1388	5.2178	0			
5.1612	1454	5.2252	0			
5.1685	1484	5.2325	0			
5.1758	1474	5.2398	0			
5.1832	1440	5.2472	0			
5.1905	1415	5.2545	1			
5.1978	1440	5.2618	0			
5.2052	1374	5.2692	0			
5.2125	1396	5.2765	0			
5.2198	1394	5.2838	0			
5.2272	1320	5.2912	0			
5.2345	1327	5.2985	0			
5.2418	1343	5.3058	0			
5.2492	1380	5.3132	0			
5.2565	1413	5.3205	0			
5.2638	1361	5.3278	0			
5.2711	1351	5.3351	0			
5.2785	1371	5.3425	0			
5.2858	1384	5.3498	0			
5.2931	1326	5.3571	0			
5.3005	1264	5.3645	0			
5.3078	1277	5.3718	0			
5.3151	1263	5.3791	0			
5.3225	1295	5.3865	0			
5.3298	1271	5.3938	0			
5.3371	1246	5.4011	0			
5.3445	1305	5.4085	0			
5.3518	1227	5.4158	0			
5.3591	1264	5.4231	0			
5.3665	1304	5.4305	1			
5.3738	1217	5.4378	0			
5.3811	1297	5.4451	0			
5.3884	1180	5.4524	0			
5.3958	1271	5.4598	0			
5.4031	1224	5.4671	0			
5.4104	1134	5.4744	1			
5.4178	1178	5.4818	0			
5.4251	1193	5.4891	0			
5.4324	1252	5.4964	0			
5.4398	1239	5.5038	0			
5.4471	1204	5.5111	0			
5.4544	1108	5.5184	0			
5.4618	1088	5.5258	1			
5.4691	1125	5.5331	0			
5.4764	1143	5.5404	0			
5.4838	1194	5.5478	0			
5.4911	1076	5.5551	0			
5.4984	1151	5.5624	0			
5.5057	1168	5.5697	0			
5.5131	1165	5.5771	0			
5.5204	1119	5.5844	0			
5.5277	1045	5.5917	1			
5.5351	1090	5.5991	1			
5.5424	1081	5.6064	0			
5.5497	1090	5.6137	0			
5.5571	1105	5.6211	0			
5.5644	1032	5.6284	0			
5.5717	1060	5.6357	0			
5.5791	1062	5.6431	0			
5.5864	1064	5.6504	0			
5.5937	1052	5.6577	0			
5.6011	1035	5.6651	0			
5.6084	1064	5.6724	0			
5.6157	1049	5.6797	0			
5.623	1070	5.687	0			
5.6304	986	5.6944	1			
5.6377	1052	5.7017	0			
5.645	1051	5.709	0			
5.6524	1016	5.7164	0			
5.6597	970	5.7237	2			
5.667	1012	5.731	0			
5.6744	992	5.7384	0			
5.6817	981	5.7457	0			
5.689	974	5.753	0			
5.6964	1037	5.7604	0			
5.7037	922	5.7677	0			
5.711	978	5.775	1			
5.7184	977	5.7824	0			
5.7257	929	5.7897	0			
5.733	937	5.797	0			
5.7403	925	5.8043	0			
5.7477	931	5.8117	0			
5.755	917	5.819	0			
5.7623	960	5.8263	0			
5.7697	931	5.8337	0			
5.777	967	5.841	0			
5.7843	916	5.8483	0			
5.7917	922	5.8557	0			
5.799	910	5.863	0			
5.8063	845	5.8703	0			
5.8137	908	5.8777	0			
5.821	927	5.885	0			
5.8283	943	5.8923	0			
5.8357	895	5.8997	0			
5.843	891	5.907	0			
5.8503	894	5.9143	0			
5.8576	851	5.9216	0			
5.865	831	5.929	0			
5.8723	844	5.9363	0			
5.8796	819	5.9436	0			
5.887	850	5.951	0			
5.8943	870	5.9583	0			
5.9016	835	5.9656	0			
5.909	840	5.973	0			
5.9163	895	5.9803	0			
5.9236	823	5.9876	0			
5.931	859	5.995	1			
5.9383	822	6.0023	1			
5.9456	819	6.0096	0			
5.953	868	6.0169	0			
5.9603	808	6.0243	0			
5.9676	817	6.0316	0			
5.9749	794	6.0389	0			
5.9823	895	6.0463	1			
5.9896	861	6.0536	0			
5.9969	778	6.0609	0			
6.0043	777	6.0683	0			
6.0116	777	6.0756	0			
6.0189	848	6.0829	0			
6.0263	739	6.0903	0			
6.0336	825	6.0976	0			
6.0409	799	6.1049	0			
6.0483	752	6.1123	0			
6.0556	751	6.1196	0			
6.0629	767	6.1269	0			
6.0703	779	6.1342	0			
6.0776	724	6.1416	0			
6.0849	742	6.1489	0			
6.0922	689	6.1562	0			
6.0996	709	6.1636	0			
6.1069	715	6.1709	0			
6.1142	755	6.1782	0			
6.1216	793	6.1856	0			
6.1289	749	6.1929	0			
6.1362	743	6.2002	0			
6.1436	763	6.2076	1			
6.1509	714	6.2149	0			
6.1582	687	6.2222	0			
6.1656	690	6.2296	1			
6.1729	703	6.2369	0			
6.1802	723	6.2442	0			
6.1876	709	6.2515	0			
6.1949	730	6.2589	1			
6.2022	655	6.2662	0			
6.2095	666	6.2735	0			
6.2169	692	6.2809	0			
6.2242	682	6.2882	0			
6.2315	667	6.2955	0			
6.2389	678	6.3029	0			
6.2462	651	6.3102	0			
6.2535	756	6.3175	0			
6.2609	650	6.3249	0			
6.2682	674	6.3322	0			
6.2755	706	6.3395	0			
6.2829	639	6.3469	0			
6.2902	648	6.3542	0			
6.2975	680	6.3615	0			
6.3049	663	6.3688	0			
6.3122	627	6.3762	0			
6.3195	657	6.3835	0			
6.3268	639	6.3908	0			
6.3342	661	6.3982	1			
6.3415	605	6.4055	0			
6.3488	635	6.4128	0			
6.3562	633	6.4202	0			
6.3635	611	6.4275	1			
6.3708	618	6.4348	0			
6.3782	652	6.4422	0			
6.3855	646	6.4495	0			
6.3928	599	6.4568	1			
6.4002	555	6.4642	0			
6.4075	619	6.4715	0			
6.4148	601	6.4788	0			
6.4222	578	6.4861	0			
6.4295	624	6.4935	0			
6.4368	627	6.5008	0			
6.4441	590	6.5081	0			
6.4515	609	6.5155	0			
6.4588	607	6.5228	0			
6.4661	566	6.5301	0			
6.4735	551	6.5375	0			
6.4808	586	6.5448	0			
6.4881	542	6.5521	0			
6.4955	593	6.5595	0			
6.5028	569	6.5668	0			
6.5101	571	6.5741	0			
6.5175	594	6.5815	0			
6.5248	549	6.5888	0			
6.5321	587	6.5961	0			
6.5394	535	6.6034	0			
6.5468	535	6.6108	0			
6.5541	522	6.6181	0			
6.5614	524	6.6254	0			
6.5688	584	6.6328	0			
6.5761	543	6.6401	0			
6.5834	568	6.6474	0			
6.5908	565	6.6548	0			
6.5981	537	6.6621	0			
6.6054	560	6.6694	0			
6.6128	572	6.6768	0			
6.6201	538	6.6841	1			
6.6274	538	6.6914	0			
6.6348	545	6.6988	0			
6.6421	573	6.7061	0			
6.6494	485	6.7134	0			
6.6567	559	6.7207	0			
6.6641	517	6.7281	0			
6.6714	493	6.7354	1			
6.6787	534	6.7427	0			
6.6861	521	6.7501	0			
6.6934	510	6.7574	0			
6.7007	537	6.7647	0			
6.7081	529	6.7721	0			
6.7154	486	6.7794	0			
6.7227	526	6.7867	0			
6.7301	522	6.7941	0			
6.7374	484	6.8014	0			
6.7447	494	6.8087	0			
6.7521	490	6.8161	0			
6.7594	459	6.8234	0			
6.7667	486	6.8307	0			
6.774	542	6.838	0			
6.7814	458	6.8454	0			
6.7887	439	6.8527	0			
6.796	450	6.86	1			
6.8034	518	6.8674	0			
6.8107	495	6.8747	0			
6.818	511	6.882	0			
6.8254	492	6.8894	0			
6.8327	457	6.8967	0			
6.84	489	6.904	0			
6.8474	470	6.9114	0			
6.8547	417	6.9187	0			
6.862	446	6.926	0			
6.8694	479	6.9334	0			
6.8767	504	6.9407	0			
6.884	461	6.948	0			
6.8913	488	6.9553	0			
6.8987	453	6.9627	1			
6.906	483	6.97	0			
6.9133	443	6.9773	0			
6.9207	461	6.9847	0			
6.928	427	6.992	0			
6.9353	457	7.0007	0			
6.9427	463	7.0067	0			
6.95	461	7.014	0			
6.9573	449	7.0213	0			
6.9647	441	7.0287	0			
6.972	475	7.036	0			
6.9793	484	7.0433	0			
6.9867	477	7.0507	0			
6.994	444	7.058	0			
7.0013	416	7.0653	0			
7.0086	431	7.0726	0			
7.016	486	7.08	0			
7.0233	449	7.0873	0			
7.0306	426	7.0946	0			
7.038	411	7.102	0			
7.0453	420	7.1093	0			
7.0526	399	7.1166	0			
7.06	404	7.124	1			
7.0673	428	7.1313	0			
7.0746	451	7.1386	0			
7.082	409	7.146	0			
7.0893	431	7.1533	0			
7.0966	421	7.1606	0			
7.104	420	7.168	1			
7.1113	420	7.1753	1			
7.1186	397	7.1826	0			
7.1259	417	7.1899	1			
7.1333	417	7.1973	0			
7.1406	423	7.2046	0			
7.1479	413	7.2119	0			
7.1553	413	7.2193	0			
7.1626	379	7.2266	0			
7.1699	394	7.2339	0			
7.1773	389	7.2413	0			
7.1846	419	7.2486	0			
7.1919	355	7.2559	0			
7.1993	416	7.2633	0			
7.2066	441	7.2706	0			
7.2139	401	7.2779	0			
7.2213	394	7.2853	0			
7.2286	374	7.2926	0			
7.2359	392	7.3001	0			
7.2432	370	7.3072	0			
7.2506	400	7.3146	0			
7.2579	398	7.3219	0			
7.2652	399	7.3292	0			
7.2726	388	7.3366	0			
7.2799	385	7.3439	0			
7.2872	379	7.3512	0			
7.2946	398	7.3586	0			
7.3019	363	7.3659	0			
7.3092	362	7.3732	0			
7.3166	366	7.3806	0			
7.3239	326	7.3879	0			
7.3312	353	7.3952	0			
7.3386	372	7.4026	0			
7.3459	375	7.4099	0			
7.3532	374	7.4172	0			
7.3605	341	7.4245	0			
7.3679	367	7.4319	0			
7.3752	363	7.4392	0			
7.3825	387	7.4465	0			
7.3899	337	7.4539	0			
7.3972	381	7.4612	0			
7.4045	339	7.4685	0			
7.4119	366	7.4759	0			
7.4192	315	7.4832	0			
7.4265	360	7.4905	0			
7.4339	354	7.4979	0			
7.4412	362	7.5052	0			
7.4485	363	7.5125	0			
7.4559	328	7.5199	0			
7.4632	338	7.5272	0			
7.4705	357	7.5345	0			
7.4778	341	7.5418	0			
7.4852	324	7.5492	0			
7.4925	313	7.5565	0			
7.4998	343	7.5638	0			
7.5072	337	7.5712	0			
7.5145	353	7.5785	0			
7.5218	323	7.5858	0			
7.5292	308	7.5932	0			
7.5365	305	7.6005	0			
7.5438	336	7.6078	0			
7.5512	320	7.6152	0			
7.5585	273	7.6225	0			
7.5658	366	7.6298	0			
7.5732	313	7.6371	0			
7.5805	339	7.6445	0			
7.5878	321	7.6518	0			
7.5951	294	7.6591	0			
7.6025	317	7.6665	1			
7.6098	331	7.6738	0			
7.6171	316	7.6811	0			
7.6245	332	7.6885	0			
7.6318	308	7.6958	0			
7.6391	288	7.7031	0			
7.6465	337	7.7105	0			
7.6538	319	7.7178	0			
7.6611	314	7.7251	0			
7.6685	305	7.7325	0			
7.6758	279	7.7398	0			
7.6831	335	7.7471	0			
7.6905	289	7.7544	0			
7.6978	320	7.7618	0			
7.7051	306	7.7691	0			
7.7124	313	7.7764	0			
7.7198	310	7.7838	0			
7.7271	318	7.7911	0			
7.7344	301	7.7984	0			
7.7418	288	7.8058	0			
7.7491	330	7.8131	0			
7.7564	293	7.8204	0			
7.7638	310	7.8278	0			
7.7711	294	7.8351	0			
7.7784	280	7.8424	0			
7.7858	307	7.8498	2			
7.7931	314	7.8571	0			
7.8004	270	7.8644	0			
7.8078	291	7.8717	0			
7.8151	263	7.8791	0			
7.8224	286	7.8864	1			
7.8297	287	7.8937	0			
7.8371	296	7.9011	0			
7.8444	289	7.9084	0			
7.8517	331	7.9157	0			
7.8591	256	7.9231	0			
7.8664	272	7.9304	0			
7.8737	278	7.9377	0			
7.8811	294	7.9451	0			
7.8884	280	7.9524	1			
7.8957	306	7.9597	0			
7.9031	286	7.9671	0			
7.9104	281	7.9744	0			
7.9177	242	7.9817	0			
7.9251	258	7.989	0			
7.9324	301	7.9964	0			
7.9397	263	8.0037	0			
7.947	294	8.011	1			
7.9544	273	8.0184	0			
7.9617	293	8.0257	0			
7.969	258	8.033	0			
7.9764	269	8.0404	0			
7.9837	270	8.0477	0			
7.991	264	8.055	0			
7.9984	258	8.0624	0			
8.0057	255	8.0697	1			
8.013	262	8.077	0			
8.0204	264	8.0844	0			
8.0277	265	8.0917	0			
8.035	279	8.099	0			
8.0424	281	8.1063	0			
8.0497	267	8.1137	0			
8.057	245	8.121	0			
8.0643	248	8.1283	0			
8.0717	243	8.1357	0			
8.079	248	8.143	0			
8.0863	245	8.1503	0			
8.0937	268	8.1577	0			
8.101	263	8.165	0			
8.1083	264	8.1723	2			
8.1157	270	8.1797	0			
8.123	249	8.187	0			
8.1303	241	8.1943	0			
8.1377	264	8.2017	0			
8.145	231	8.209	0			
8.1523	239	8.2163	1			
8.1596	262	8.2236	0			
8.167	252	8.231	1			
8.1743	287	8.2383	0			
8.1816	261	8.2456	0			
8.189	249	8.253	0			
8.1963	241	8.2603	0			
8.2036	261	8.2676	0			
8.211	263	8.275	0			
8.2183	235	8.2823	0			
8.2256	245	8.2896	0			
8.233	237	8.297	0			
8.2403	258	8.3043	0			
8.2476	249	8.3116	0			
8.255	246	8.319	0			
8.2623	240	8.3263	0			
8.2696	250	8.3336	0			
8.2769	249	8.3409	1			
8.2843	258	8.3483	0			
8.2916	206	8.3556	1			
8.2989	267	8.3629	0			
8.3063	229	8.3703	0			
8.3136	239	8.3776	0			
8.3209	268	8.3849	0			
8.3283	204	8.3923	0			
8.3356	240	8.3996	1			
8.3429	228	8.4069	1			
8.3503	249	8.4143	0			
8.3576	234	8.4216	0			
8.3649	233	8.4289	0			
8.3723	231	8.4363	0			
8.3796	236	8.4436	0			
8.3869	226	8.4509	0			
8.3942	213	8.4582	0			
8.4016	253	8.4656	0			
8.4089	274	8.4729	0			
8.4162	246	8.4802	0			
8.4236	220	8.4876	0			
8.4309	219	8.4949	0			
8.4382	203	8.5022	0			
8.4456	229	8.5096	0			
8.4529	211	8.5169	0			
8.4602	238	8.5242	0			
8.4676	211	8.5316	0			
8.4749	247	8.5389	0			
8.4822	228	8.5462	0			
8.4896	228	8.5536	0			
8.4969	237	8.5609	0			
8.5042	247	8.5682	0			
8.5115	239	8.5755	0			
8.5189	240	8.5829	0			
8.5262	234	8.5902	0			
8.5335	221	8.5975	0			
8.5409	213	8.6049	0			
8.5482	226	8.6122	0			
8.5555	194	8.6195	0			
8.5629	196	8.6269	0			
8.5702	251	8.6342	1			
8.5775	234	8.6415	0			
8.5849	229	8.6489	1			
8.5922	217	8.6562	0			
8.5995	201	8.6635	0			
8.6069	216	8.6709	0			
8.6142	222	8.6782	0			
8.6215	217	8.6855	0			
8.6288	192	8.6928	0			
8.6362	211	8.7002	0			
8.6435	215	8.7075	0			
8.6508	226	8.7148	0			
8.6582	207	8.7222	0			
8.6655	210	8.7295	1			
8.6728	211	8.7368	0			
8.6802	204	8.7442	0			
8.6875	216	8.7515	0			
8.6948	217	8.7588	0			
8.7022	207	8.7662	1			
8.7095	194	8.7735	0			
8.7168	223	8.7808	0			
8.7242	198	8.7882	0			
8.7315	201	8.7955	0			
8.7388	181	8.8028	0			
8.7461	185	8.8101	1			
8.7535	183	8.8175	0			
8.7608	191	8.8248	0			
8.7681	189	8.8321	0			
8.7755	188	8.8395	0			
8.7828	177	8.8468	0			
8.7901	201	8.8541	0			
8.7975	215	8.8615	0			
8.8048	175	8.8688	0			
8.8121	200	8.8761	0			
8.8195	191	8.8835	0			
8.8268	166	8.8908	0			
8.8341	188	8.8981	0			
8.8415	206	8.9055	0			
8.8488	193	8.9128	0			
8.8561	168	8.9201	0			
8.8634	208	8.9274	0			
8.8708	202	8.9348	0			
8.8781	176	8.9421	0			
8.8854	201	8.9494	0			
8.8928	187	8.9568	0			
8.9001	182	8.9641	0			
8.9074	210	8.9714	1			
8.9148	212	8.9788	0			
8.9221	208	8.9861	1			
8.9294	185	8.9934	0			
8.9368	193	9.0008	0			
8.9441	186	9.0081	0			
8.9514	202	9.0154	0			
8.9588	178	9.0228	0			
8.9661	200	9.0301	0			
8.9734	180	9.0374	0			
8.9807	197	9.0447	0			
8.9881	168	9.0521	0			
8.9954	170	9.0594	0			
9.0027	195	9.0667	0			
9.0101	190	9.0741	0			
9.0174	182	9.0814	0			
9.0247	184	9.0887	0			
9.0321	209	9.0961	0			
9.0394	166	9.1034	0			
9.0467	176	9.1107	0			
9.0541	185	9.1181	0			
9.0614	217	9.1254	0			
9.0687	199	9.1327	0			
9.0761	206	9.1401	0			
9.0834	194	9.1474	0			
9.0907	178	9.1547	0			
9.098	158	9.162	0			
9.1054	197	9.1694	0			
9.1127	191	9.1767	0			
9.12	183	9.184	1			
9.1274	163	9.1914	0			
9.1347	188	9.1987	0			
9.142	186	9.206	0			
9.1494	169	9.2134	0			
9.1567	166	9.2207	0			
9.164	178	9.228	0			
9.1714	174	9.2354	0			
9.1787	174	9.2427	0			
9.186	172	9.25	0			
9.1934	194	9.2573	0			
9.2007	174	9.2647	0			
9.208	186	9.272	0			
9.2153	214	9.2793	0			
9.2227	181	9.2867	0			
9.23	160	9.294	0			
9.2373	154	9.3013	0			
9.2447	160	9.3087	0			
9.252	170	9.316	0			
9.2593	174	9.3233	1			
9.2667	162	9.3307	0			
9.274	183	9.338	0			
9.2813	163	9.3453	1			
9.2887	171	9.3527	0			
9.296	183	9.36	0			
9.3033	180	9.3673	1			
9.3107	177	9.3746	0			
9.318	159	9.382	0			
9.3253	165	9.3893	0			
9.3326	171	9.3966	0			
9.34	142	9.404	0			
9.3473	167	9.4113	0			
9.3546	154	9.4186	0			
9.362	165	9.426	0			
9.3693	150	9.4333	0			
9.3766	168	9.4406	0			
9.384	170	9.448	0			
9.3913	171	9.4553	0			
9.3986	153	9.4626	0			
9.406	157	9.47	0			
9.4133	166	9.4773	0			
9.4206	176	9.4846	0			
9.428	207	9.4919	0			
9.4353	167	9.4993	0			
9.4426	170	9.5066	0			
9.4499	153	9.5139	0			
9.4573	134	9.5213	0			
9.4646	158	9.5286	0			
9.4719	157	9.5359	0			
9.4793	167	9.5433	0			
9.4866	153	9.5506	0			
9.4939	138	9.5579	0			
9.5013	150	9.5653	0			
9.5086	171	9.5726	0			
9.5159	152	9.5799	0			
9.5233	161	9.5873	0			
9.5306	155	9.5946	0			
9.5379	160	9.6019	0			
9.5453	151	9.6092	0			
9.5526	159	9.6166	0			
9.5599	145	9.6239	0			
9.5672	164	9.6312	0			
9.5746	151	9.6386	0			
9.5819	170	9.6459	0			
9.5892	154	9.6532	0			
9.5966	178	9.6606	0			
9.6039	161	9.6679	0			
9.6112	161	9.6752	1			
9.6186	146	9.6826	0			
9.6259	184	9.6899	0			
9.6332	162	9.6972	0			
9.6406	158	9.7046	0			
9.6479	156	9.7119	0			
9.6552	154	9.7192	0			
9.6626	162	9.7265	0			
9.6699	159	9.7339	0			
9.6772	144	9.7412	0			
9.6845	159	9.7485	0			
9.6919	147	9.7559	0			
9.6992	140	9.7632	0			
9.7065	148	9.7705	0			
9.7139	144	9.7779	0			
9.7212	137	9.7852	0			
9.7285	145	9.7925	1			
9.7359	145	9.7999	0			
9.7432	162	9.8072	0			
9.7505	145	9.8145	0			
9.7579	180	9.8219	0			
9.7652	137	9.8292	0			
9.7725	141	9.8365	0			
9.7798	148	9.8438	0			
9.7872	152	9.8512	0			
9.7945	145	9.8585	0			
9.8018	149	9.8658	0			
9.8092	158	9.8732	0			
9.8165	135	9.8805	0			
9.8238	165	9.8878	1			
9.8312	136	9.8952	0			
9.8385	138	9.9025	0			
9.8458	153	9.9098	0			
9.8532	132	9.9172	0			
9.8605	144	9.9245	0			
9.8678	124	9.9318	0			
9.8752	130	9.9392	1			
9.8825	146	9.9465	0			
9.8898	133	9.9538	0			
9.8971	155	9.9611	0			
9.9045	134	9.9685	0			
9.9118	135	9.9758	0			
9.9191	147	9.9831	0			
9.9265	130	10.0095	1			
9.9338	156	10.0022	0			
9.9411	150	10.0051	0			
9.9485	137	10.0125	1			
9.9558	139	10.0198	0			
9.9631	127	10.0271	0			
9.9705	141	10.0345	0			
9.9778	147	10.0418	0			
9.9851	146	10.0491	0			
10.0075	129	10.0565	0			
10.0002	148	10.0638	0			
10.0071	130	10.0711	0			
10.0144	151	10.0784	2			
10.0218	140	10.0858	0			
10.0291	126	10.0931	0			
10.0364	141	10.1004	1			
10.0438	113	10.1078	0			
10.0511	114	10.1151	0			
10.0584	145	10.1224	0			
10.0658	125	10.1298	0			
10.0731	156	10.1371	0			
10.0804	142	10.1444	0			
10.0878	121	10.1518	0			
10.0951	135	10.1591	0			
10.1024	133	10.1664	0			
10.1098	146	10.1738	0			
10.1171	141	10.1811	0			
10.1244	137	10.1884	0			
10.1317	149	10.1957	0			
10.1391	152	10.2031	1			
10.1464	151	10.2104	0			
10.1537	126	10.2177	0			
10.1611	112	10.2251	0			
10.1684	126	10.2324	1			
10.1757	123	10.2397	0			
10.1831	143	10.2471	0			
10.1904	109	10.2544	1			
10.1977	123	10.2617	0			
10.2051	139	10.2691	0			
10.2124	131	10.2764	0			
10.2197	142	10.2837	0			
10.2271	113	10.2911	0			
10.2344	131	10.2984	0			
10.2417	116	10.3057	0			
10.249	111	10.313	1			
10.2564	128	10.3204	0			
10.2637	132	10.3277	0			
10.271	118	10.335	0			
10.2784	117	10.3424	0			
10.2857	160	10.3497	0			
10.293	121	10.357	1			
10.3004	131	10.3644	0			
10.3077	134	10.3717	0			
10.315	151	10.379	1			
10.3224	117	10.3864	0			
10.3297	130	10.3937	0			
10.337	115	10.401	0			
10.3444	134	10.4084	0			
10.3517	138	10.4157	0			
10.359	131	10.423	0			
10.3663	134	10.4303	0			
10.3737	104	10.4377	0			
10.381	137	10.445	0			
10.3883	115	10.4523	0			
10.3957	137	10.4597	0			
10.403	130	10.467	0			
10.4103	117	10.4743	0			
10.4177	111	10.4817	0			
10.425	120	10.489	0			
10.4323	130	10.4963	0			
10.4397	116	10.5037	0			
10.447	125	10.511	0			
10.4543	133	10.5183	0			
10.4617	144	10.5257	0			
10.469	144	10.533	0			
10.4763	124	10.5403	0			
10.4836	111	10.5476	0			
10.491	107	10.555	0			
10.4983	128	10.5623	0			
10.5056	108	10.5696	0			
10.513	123	10.577	0			
10.5203	136	10.5843	0			
10.5276	122	10.5916	0			
10.535	133	10.599	0			
10.5423	123	10.6063	0			
10.5496	100	10.6136	0			
10.557	114	10.621	0			
10.5643	117	10.6283	0			
10.5716	122	10.6356	0			
10.579	111	10.643	0			
10.5863	136	10.6503	0			
10.5936	119	10.6576	0			
10.6009	102	10.6649	0			
10.6083	124	10.6723	0			
10.6156	109	10.6796	0			
10.6229	122	10.6869	0			
10.6303	101	10.6943	1			
10.6376	115	10.7016	0			
10.6449	109	10.7089	0			
10.6523	125	10.7163	0			
10.6596	103	10.7236	0			
10.6669	108	10.7309	0			
10.6743	125	10.7383	0			
10.6816	114	10.7456	0			
10.6889	131	10.7529	0			
10.6963	129	10.7603	0			
10.7036	119	10.7676	0			
10.7109	101	10.7749	0			
10.7182	119	10.7822	0			
10.7256	118	10.7896	0			
10.7329	123	10.7969	0			
10.7402	104	10.8042	0			
10.7476	104	10.8116	0			
10.7549	96	10.8189	1			
10.7622	126	10.8262	0			
10.7696	112	10.8336	0			
10.7769	110	10.8409	0			
10.7842	116	10.8482	0			
10.7916	113	10.8556	1			
10.7989	107	10.8629	0			
10.8062	100	10.8702	0			
10.8136	114	10.8775	0			
10.8209	115	10.8849	0			
10.8282	92	10.8922	1			
10.8355	108	10.8995	0			
10.8429	121	10.9069	0			
10.8502	101	10.9142	0			
10.8575	104	10.9215	0			
10.8649	115	10.9289	0			
10.8722	93	10.9362	0			
10.8795	96	10.9435	0			
10.8869	120	10.9509	0			
10.8942	109	10.9582	0			
10.9015	106	10.9655	0			
10.9089	109	10.9729	0			
10.9162	126	10.9802	0			
10.9235	107	10.9875	0			
10.9309	110	10.9948	0			
10.9382	108	11.0022	0			
10.9455	104	11.0095	0			
10.9528	106	11.0168	0			
10.9602	112	11.0242	0			
10.9675	110	11.0315	0			
10.9748	101	11.0388	0			
10.9822	122	11.0462	0			
10.9895	113	11.0535	0			
10.9968	112	11.0608	1			
11.0042	91	11.0682	0			
11.0115	94	11.0755	0			
11.0188	119	11.0828	0			
11.0262	102	11.0902	0			
11.0335	112	11.0975	0			
11.0408	107	11.1048	0			
11.0482	87	11.1121	0			
11.0555	104	11.1195	0			
11.0628	118	11.1268	0			
11.0701	102	11.1341	0			
11.0775	97	11.1415	0			
11.0848	101	11.1488	1			
11.0921	101	11.1561	0			
11.0995	102	11.1635	0			
11.1068	91	11.1708	0			
11.1141	90	11.1781	0			
11.1215	83	11.1855	0			
11.1288	98	11.1928	0			
11.1361	114	11.2001	0			
11.1435	95	11.2075	0			
11.1508	106	11.2148	0			
11.1581	111	11.2221	0			
11.1655	114	11.2294	0			
11.1728	112	11.2368	0			
11.1801	80	11.2441	0			
11.1874	105	11.2514	0			
11.1948	94	11.2588	0			
11.2021	100	11.2661	1			
11.2094	89	11.2734	0			
11.2168	84	11.2808	0			
11.2241	94	11.2881	0			
11.2314	108	11.2954	1			
11.2388	98	11.3028	0			
11.2461	109	11.3101	1			
11.2534	70	11.3174	0			
11.2608	89	11.3248	0			
11.2681	106	11.3321	0			
11.2754	92	11.3394	0			
11.2827	119	11.3467	0			
11.2901	106	11.3541	0			
11.2974	80	11.3614	0			
11.3047	105	11.3687	0			
11.3121	100	11.3761	0			
11.3194	93	11.3834	0			
11.3267	92	11.3907	0			
11.3341	91	11.3981	0			
11.3414	98	11.4054	0			
11.3487	99	11.4127	0			
11.3561	88	11.4201	0			
11.3634	94	11.4274	0			
11.3707	97	11.4347	0			
11.3781	93	11.4421	1			
11.3854	110	11.4494	0			
11.3927	101	11.4567	0			
11.4	100	11.464	0			
11.4074	104	11.4714	0			
11.4147	95	11.4787	0			
11.422	94	11.486	0			
11.4294	100	11.4934	0			
11.4367	103	11.5007	0			
11.444	80	11.508	0			
11.4514	111	11.5154	0			
11.4587	104	11.5227	0			
11.466	87	11.53	0			
11.4734	96	11.5374	0			
11.4807	97	11.5447	1			
11.488	101	11.552	1			
11.4954	100	11.5594	0			
11.5027	94	11.5667	0			
11.51	87	11.574	0			
11.5173	95	11.5813	0			
11.5247	98	11.5887	0			
11.532	87	11.596	0			
11.5393	93	11.6033	0			
11.5467	100	11.6107	0			
11.554	106	11.618	0			
11.5613	90	11.6253	0			
11.5687	99	11.6327	0			
11.576	93	11.64	0			
11.5833	89	11.6473	0			
11.5907	77	11.6547	0			
11.598	93	11.662	0			
11.6053	107	11.6693	0			
11.6127	111	11.6767	0			
11.62	94	11.684	0			
11.6273	89	11.6913	0			
11.6346	91	11.6986	0			
11.642	94	11.706	0			
11.6493	103	11.7133	0			
11.6566	94	11.7206	0			
11.664	77	11.728	0			
11.6713	98	11.7353	0			
11.6786	94	11.7426	0			
11.686	103	11.75	1			
11.6933	79	11.7573	0			
11.7006	88	11.7646	0			
11.708	86	11.772	0			
11.7153	90	11.7793	0			
11.7226	80	11.7866	0			
11.73	95	11.794	0			
11.7373	90	11.8013	0			
11.7446	86	11.8086	0			
11.7519	98	11.8159	0			
11.7593	79	11.8233	0			
11.7666	85	11.8306	0			
11.7739	87	11.8379	1			
11.7813	81	11.8453	0			
11.7886	88	11.8526	0			
11.7959	90	11.8599	0			
11.8033	86	11.8673	0			
11.8106	87	11.8746	0			
11.8179	104	11.8819	0			
11.8253	91	11.8893	0			
11.8326	71	11.8966	0			
11.8399	77	11.9039	0			
11.8473	87	11.9113	0			
11.8546	89	11.9186	1			
11.8619	84	11.9259	0			
11.8692	94	11.9332	0			
11.8766	89	11.9406	1			
11.8839	78	11.9479	0			
11.8912	82	11.9552	0			
11.8986	88	11.9626	0			
11.9059	76	11.9699	0			
11.9132	78	11.9772	0			
11.9206	110	11.9846	0			
11.9279	96	11.9919	0			
11.9352	96	12.0008	0			
11.9426	82	12.0066	0			
11.9499	82	12.0139	1			
11.9572	83	12.0212	0			
11.9646	91	12.0286	0			
11.9719	78	12.0359	0			
11.9792	85	12.0432	0			
11.9865	79	12.0505	0			
11.9939	76	12.0579	0			
12.0012	95	12.0652	0			
12.0085	78	12.0725	0			
12.0159	100	12.0799	0			
12.0232	84	12.0872	0			
12.0305	85	12.0945	0			
12.0379	80	12.1019	0			
12.0452	87	12.1092	0			
12.0525	87	12.1165	0			
12.0599	79	12.1239	0			
12.0672	75	12.1312	0			
12.0745	83	12.1385	0			
12.0819	66	12.1459	0			
12.0892	88	12.1532	0			
12.0965	81	12.1605	0			
12.1038	65	12.1678	0			
12.1112	80	12.1752	0			
12.1185	75	12.1825	0			
12.1258	85	12.1898	0			
12.1332	63	12.1972	0			
12.1405	94	12.2045	0			
12.1478	93	12.2118	0			
12.1552	92	12.2192	0			
12.1625	87	12.2265	0			
12.1698	84	12.2338	1			
12.1772	87	12.2412	0			
12.1845	85	12.2485	0			
12.1918	86	12.2558	0			
12.1992	89	12.2632	1			
12.2065	86	12.2705	0			
12.2138	77	12.2778	0			
12.2211	71	12.2851	0			
12.2285	83	12.2925	0			
12.2358	71	12.2998	0			
12.2431	97	12.3071	0			
12.2505	77	12.3145	0			
12.2578	61	12.3218	0			
12.2651	94	12.3291	0			
12.2725	77	12.3365	0			
12.2798	72	12.3438	1			
12.2871	73	12.3511	0			
12.2945	86	12.3585	0			
12.3018	76	12.3658	0			
12.3091	72	12.3731	0			
12.3165	81	12.3805	0			
12.3238	80	12.3878	0			
12.3311	66	12.3951	0			
12.3384	81	12.4024	0			
12.3458	95	12.4098	1			
12.3531	73	12.4171	0			
12.3604	97	12.4244	0			
12.3678	92	12.4318	0			
12.3751	83	12.4391	0			
12.3824	87	12.4464	0			
12.3898	68	12.4538	0			
12.3971	56	12.4611	0			
12.4044	79	12.4684	0			
12.4118	68	12.4758	0			
12.4191	96	12.4831	0			
12.4264	70	12.4904	0			
12.4338	71	12.4977	0			
12.4411	68	12.5051	1			
12.4484	71	12.5124	0			
12.4557	73	12.5197	0			
12.4631	79	12.5271	0			
12.4704	74	12.5344	1			
12.4777	71	12.5417	0			
12.4851	71	12.5491	0			
12.4924	63	12.5564	0			
12.4997	72	12.5637	0			
12.5071	68	12.5711	0			
12.5144	89	12.5784	0			
12.5217	80	12.5857	0			
12.5291	77	12.5931	1			
12.5364	80	12.6004	0			
12.5437	84	12.6077	0			
12.5511	82	12.615	0			
12.5584	73	12.6224	0			
12.5657	64	12.6297	0			
12.573	63	12.637	0			
12.5804	72	12.6444	0			
12.5877	76	12.6517	0			
12.595	72	12.659	0			
12.6024	81	12.6664	0			
12.6097	82	12.6737	0			
12.617	80	12.681	0			
12.6244	84	12.6884	0			
12.6317	68	12.6957	0			
12.639	64	12.703	0			
12.6464	67	12.7104	0			
12.6537	77	12.7177	0			
12.661	55	12.725	0			
12.6684	67	12.7323	0			
12.6757	72	12.7397	0			
12.683	61	12.747	0			
12.6903	70	12.7543	0			
12.6977	77	12.7617	0			
12.705	61	12.769	0			
12.7123	60	12.7763	0			
12.7197	65	12.7837	0			
12.727	83	12.791	0			
12.7343	76	12.7983	0			
12.7417	70	12.8057	0			
12.749	74	12.813	0			
12.7563	63	12.8203	0			
12.7637	61	12.8277	0			
12.771	75	12.835	0			
12.7783	58	12.8423	0			
12.7857	64	12.8496	0			
12.793	65	12.857	0			
12.8003	63	12.8643	0			
12.8076	71	12.8716	0			
12.815	68	12.879	0			
12.8223	69	12.8863	0			
12.8296	73	12.8936	0			
12.837	74	12.901	0			
12.8443	84	12.9083	0			
12.8516	90	12.9156	0			
12.859	79	12.923	0			
12.8663	63	12.9303	0			
12.8736	71	12.9376	0			
12.881	68	12.945	0			
12.8883	68	12.9523	0			
12.8956	80	12.9596	1			
12.9029	72	12.9669	0			
12.9103	57	12.9743	0			
12.9176	68	12.9816	0			
12.9249	67	12.9889	0			
12.9323	71	12.9963	0			
12.9396	70	13.0036	0			
12.9469	70	13.0109	0			
12.9543	66	13.0183	0			
12.9616	73	13.0256	0			
12.9689	68	13.0329	0			
12.9763	58	13.0403	0			
12.9836	73	13.0476	0			
12.9909	57	13.0549	0			
12.9983	64	13.0623	0			
13.0056	77	13.0696	0			
13.0129	62	13.0769	0			
13.0202	72	13.0842	0			
13.0276	78	13.0916	0			
13.0349	77	13.0989	0			
13.0422	75	13.1062	0			
13.0496	61	13.1136	0			
13.0569	72	13.1209	0			
13.0642	67	13.1282	0			
13.0716	53	13.1356	0			
13.0789	70	13.1429	0			
13.0862	75	13.1502	0			
13.0936	68	13.1576	0			
13.1009	70	13.1649	0			
13.1082	68	13.1722	0			
13.1156	60	13.1796	0			
13.1229	77	13.1869	0			
13.1302	77	13.1942	0			
13.1375	64	13.2015	1			
13.1449	63	13.2089	0			
13.1522	57	13.2162	0			
13.1595	67	13.2235	0			
13.1669	71	13.2309	0			
13.1742	81	13.2382	1			
13.1815	61	13.2455	0			
13.1889	72	13.2529	0			
13.1962	61	13.2602	0			
13.2035	56	13.2675	0			
13.2109	64	13.2749	0			
13.2182	60	13.2822	0			
13.2255	69	13.2895	0			
13.2329	60	13.2969	0			
13.2402	71	13.3042	1			
13.2475	64	13.3115	1			
13.2548	61	13.3188	0			
13.2622	61	13.3262	0			
13.2695	71	13.3335	1			
13.2768	68	13.3408	0			
13.2842	68	13.3482	0			
13.2915	59	13.3555	0			
13.2988	76	13.3628	0			
13.3062	63	13.3702	0			
13.3135	79	13.3775	1			
13.3208	68	13.3848	2			
13.3282	64	13.3922	0			
13.3355	77	13.3995	1			
13.3428	63	13.4068	0			
13.3502	72	13.4142	0			
13.3575	74	13.4215	0			
13.3648	62	13.4288	0			
13.3721	53	13.4361	0			
13.3795	62	13.4435	0			
13.3868	73	13.4508	0			
13.3941	61	13.4581	0			
13.4015	74	13.4655	0			
13.4088	73	13.4728	0			
13.4161	81	13.4801	0			
13.4235	58	13.4875	1			
13.4308	70	13.4948	0			
13.4381	60	13.5021	0			
13.4455	62	13.5095	0			
13.4528	60	13.5168	0			
13.4601	62	13.5241	0			
13.4675	59	13.5315	0			
13.4748	54	13.5388	0			
13.4821	52	13.5461	0			
13.4894	73	13.5534	0			
13.4968	68	13.5608	0			
13.5041	61	13.5681	0			
13.5114	64	13.5754	0			
13.5188	60	13.5828	0			
13.5261	65	13.5901	0			
13.5334	71	13.5974	0			
13.5408	60	13.6048	0			
13.5481	55	13.6121	0			
13.5554	64	13.6194	0			
13.5628	69	13.6268	0			
13.5701	54	13.6341	0			
13.5774	67	13.6414	0			
13.5848	54	13.6488	0			
13.5921	58	13.6561	0			
13.5994	49	13.6634	0			
13.6067	80	13.6707	1			
13.6141	47	13.6781	0			
13.6214	67	13.6854	0			
13.6287	67	13.6927	0			
13.6361	57	13.7001	0			
13.6434	58	13.7074	0			
13.6507	71	13.7147	0			
13.6581	65	13.7221	0			
13.6654	62	13.7294	0			
13.6727	61	13.7367	0			
13.6801	58	13.7441	0			
13.6874	66	13.7514	0			
13.6947	54	13.7587	0			
13.7021	57	13.7661	0			
13.7094	50	13.7734	0			
13.7167	62	13.7807	0			
13.724	42	13.788	0			
13.7314	58	13.7954	0			
13.7387	58	13.8027	0			
13.746	57	13.81	0			
13.7534	59	13.8174	0			
13.7607	46	13.8247	0			
13.768	59	13.832	0			
13.7754	60	13.8394	0			
13.7827	71	13.8467	0			
13.79	40	13.854	0			
13.7974	56	13.8614	0			
13.8047	55	13.8687	0			
13.812	50	13.876	0			
13.8194	56	13.8834	1			
13.8267	68	13.8907	0			
13.834	55	13.898	0			
13.8413	60	13.9053	0			
13.8487	72	13.9127	0			
13.856	64	13.92	0			
13.8633	53	13.9273	0			
13.8707	59	13.9347	0			
13.878	55	13.942	0			
13.8853	55	13.9493	0			
13.8927	54	13.9567	0			
13.9	67	13.964	0			
13.9073	54	13.9713	0			
13.9147	56	13.9787	0			
13.922	56	13.986	0			
13.9293	56	13.9933	0			
13.9367	59	14.0007	0			
13.944	66	14.008	0			
13.9513	52	14.0153	0			
13.9586	61	14.0226	0			
13.966	60	14.03	0			
13.9733	54	14.0373	0			
13.9806	55	14.0446	0			
13.988	42	14.052	0			
13.9953	41	14.0593	1			
14.0026	47	14.0666	0			
14.01	62	14.074	0			
14.0173	77	14.0813	0			
14.0246	56	14.0886	0			
14.032	56	14.096	0			
14.0393	57	14.1033	0			
14.0466	51	14.1106	0			
14.054	51	14.1179	0			
14.0613	52	14.1253	0			
14.0686	52	14.1326	0			
14.0759	59	14.1399	0			
14.0833	59	14.1473	0			
14.0906	59	14.1546	0			
14.0979	69	14.1619	0			
14.1053	55	14.1693	0			
14.1126	50	14.1766	0			
14.1199	60	14.1839	0			
14.1273	63	14.1913	0			
14.1346	53	14.1986	0			
14.1419	48	14.2059	0			
14.1493	52	14.2133	0			
14.1566	46	14.2206	0			
14.1639	63	14.2279	0			
14.1713	56	14.2352	0			
14.1786	54	14.2426	0			
14.1859	62	14.2499	0			
14.1932	58	14.2572	0			
14.2006	54	14.2646	0			
14.2079	60	14.2719	0			
14.2152	50	14.2792	0			
14.2226	61	14.2866	1			
14.2299	54	14.2939	0			
14.2372	58	14.3012	0			
14.2446	59	14.3086	0			
14.2519	56	14.3159	0			
14.2592	51	14.3232	0			
14.2666	47	14.3306	0			
14.2739	64	14.3379	1			
14.2812	47	14.3452	0			
14.2886	64	14.3525	0			
14.2959	62	14.3599	0			
14.3032	44	14.3672	0			
14.3105	45	14.3745	0			
14.3179	63	14.3819	0			
14.3252	55	14.3892	0			
14.3325	55	14.3965	0			
14.3399	49	14.4039	0			
14.3472	54	14.4112	0			
14.3545	48	14.4185	0			
14.3619	57	14.4259	0			
14.3692	56	14.4332	0			
14.3765	48	14.4405	0			
14.3839	56	14.4479	0			
14.3912	45	14.4552	0			
14.3985	72	14.4625	0			
14.4059	64	14.4698	0			
14.4132	60	14.4772	0			
14.4205	51	14.4845	0			
14.4278	39	14.4918	0			
14.4352	53	14.4992	0			
14.4425	49	14.5065	1			
14.4498	58	14.5138	0			
14.4572	55	14.5212	0			
14.4645	49	14.5285	0			
14.4718	58	14.5358	0			
14.4792	43	14.5432	0			
14.4865	60	14.5505	0			
14.4938	70	14.5578	0			
14.5012	48	14.5652	0			
14.5085	55	14.5725	0			
14.5158	43	14.5798	1			
14.5231	70	14.5871	0			
14.5305	47	14.5945	0			
14.5378	49	14.6018	0			
14.5451	40	14.6091	0			
14.5525	53	14.6165	0			
14.5598	70	14.6238	0			
14.5671	66	14.6311	0			
14.5745	47	14.6385	0			
14.5818	66	14.6458	0			
14.5891	31	14.6531	0			
14.5965	48	14.6605	0			
14.6038	48	14.6678	1			
14.6111	43	14.6751	0			
14.6185	44	14.6825	0			
14.6258	52	14.6898	1			
14.6331	42	14.6971	0			
14.6404	49	14.7044	0			
14.6478	44	14.7118	0			
14.6551	43	14.7191	0			
14.6624	52	14.7264	0			
14.6698	58	14.7338	0			
14.6771	50	14.7411	0			
14.6844	55	14.7484	0			
14.6918	51	14.7558	0			
14.6991	47	14.7631	0			
14.7064	44	14.7704	1			
14.7138	45	14.7778	0			
14.7211	50	14.7851	0			
14.7284	49	14.7924	0			
14.7358	59	14.7998	0			
14.7431	53	14.8071	0			
14.7504	54	14.8144	1			
14.7577	61	14.8217	0			
14.7651	50	14.8291	0			
14.7724	57	14.8364	0			
14.7797	50	14.8437	0			
14.7871	52	14.8511	0			
14.7944	41	14.8584	0			
14.8017	48	14.8657	0			
14.8091	53	14.8731	0			
14.8164	53	14.8804	0			
14.8237	41	14.8877	0			
14.8311	51	14.8951	0			
14.8384	58	14.9024	0			
14.8457	31	14.9097	0			
14.8531	51	14.9171	0			
14.8604	47	14.9244	0			
14.8677	54	14.9317	0			
14.875	47	14.939	0			
14.8824	41	14.9464	0			
14.8897	38	14.9537	0			
14.897	46	14.961	1			
14.9044	55	14.9684	0			
14.9117	46	14.9757	0			
14.919	52	14.983	0			
14.9264	46	14.9904	0			
14.9337	37	14.9977	0			
14.941	49	15.005	0			
14.9484	50	15.0124	0			
14.9557	63	15.0197	0			
14.963	36	15.027	0			
14.9704	44	15.0344	0			
14.9777	50	15.0417	0			
14.985	50	15.049	0			
14.9923	46	15.0563	0			
15.0003	52	15.0637	0			
15.007	61	15.071	0			
15.0143	51	15.0783	0			
15.0217	44	15.0857	0			
15.029	63	15.093	0			
15.0363	49	15.1003	0			
15.0437	41	15.1077	0			
15.051	36	15.115	0			
15.0583	54	15.1223	0			
15.0657	40	15.1297	0			
15.073	57	15.137	0			
15.0803	54	15.1443	0			
15.0877	52	15.1517	0			
15.095	31	15.159	0			
15.1023	59	15.1663	0			
15.1096	39	15.1736	0			
15.117	48	15.181	0			
15.1243	46	15.1883	0			
15.1316	47	15.1956	0			
15.139	48	15.203	0			
15.1463	44	15.2103	0			
15.1536	42	15.2176	0			
15.161	55	15.225	0			
15.1683	52	15.2323	1			
15.1756	47	15.2396	0			
15.183	51	15.247	0			
15.1903	55	15.2543	0			
15.1976	43	15.2616	0			
15.205	45	15.269	0			
15.2123	43	15.2763	0			
15.2196	38	15.2836	0			
15.2269	50	15.2909	0			
15.2343	41	15.2983	0			
15.2416	45	15.3056	0			
15.2489	35	15.3129	0			
15.2563	33	15.3203	0			
15.2636	55	15.3276	0			
15.2709	46	15.3349	0			
15.2783	48	15.3423	0			
15.2856	48	15.3496	0			
15.2929	39	15.3569	2			
15.3003	38	15.3643	0			
15.3076	48	15.3716	0			
15.3149	53	15.3789	0			
15.3223	35	15.3863	0			
15.3296	38	15.3936	0			
15.3369	41	15.4009	0			
15.3442	39	15.4082	0			
15.3516	52	15.4156	0			
15.3589	41	15.4229	0			
15.3662	40	15.4302	0			
15.3736	38	15.4376	0			
15.3809	51	15.4449	0			
15.3882	43	15.4522	0			
15.3956	45	15.4596	0			
15.4029	50	15.4669	0			
15.4102	49	15.4742	0			
15.4176	58	15.4816	0			
15.4249	37	15.4889	0			
15.4322	46	15.4962	0			
15.4396	49	15.5036	0			
15.4469	42	15.5109	0			
15.4542	51	15.5182	0			
15.4615	43	15.5255	0			
15.4689	47	15.5329	0			
15.4762	48	15.5402	0			
15.4835	56	15.5475	0			
15.4909	49	15.5549	0			
15.4982	50	15.5622	0			
15.5055	42	15.5695	0			
15.5129	47	15.5769	0			
15.5202	46	15.5842	0			
15.5275	43	15.5915	0			
15.5349	49	15.5989	0			
15.5422	43	15.6062	0			
15.5495	44	15.6135	0			
15.5569	42	15.6209	0			
15.5642	41	15.6282	0			
15.5715	58	15.6355	0			
15.5788	53	15.6428	0			
15.5862	28	15.6502	0			
15.5935	42	15.6575	1			
15.6008	39	15.6648	0			
15.6082	41	15.6722	0			
15.6155	44	15.6795	0			
15.6228	53	15.6868	1			
15.6302	35	15.6942	0			
15.6375	40	15.7015	0			
15.6448	45	15.7088	0			
15.6522	46	15.7162	0			
15.6595	42	15.7235	0			
15.6668	46	15.7308	0			
15.6742	48	15.7381	0			
15.6815	45	15.7455	0			
15.6888	37	15.7528	0			
15.6961	51	15.7601	0			
15.7035	48	15.7675	0			
15.7108	48	15.7748	1			
15.7181	30	15.7821	0			
15.7255	44	15.7895	0			
15.7328	47	15.7968	0			
15.7401	37	15.8041	0			
15.7475	34	15.8115	0			
15.7548	47	15.8188	0			
15.7621	43	15.8261	1			
15.7695	45	15.8335	1			
15.7768	41	15.8408	0			
15.7841	39	15.8481	0			
15.7915	56	15.8554	0			
15.7988	44	15.8628	0			
15.8061	39	15.8701	0			
15.8134	53	15.8774	0			
15.8208	39	15.8848	0			
15.8281	44	15.8921	0			
15.8354	40	15.8994	1			
15.8428	34	15.9068	1			
15.8501	58	15.9141	1			
15.8574	47	15.9214	0			
15.8648	36	15.9288	0			
15.8721	38	15.9361	0			
15.8794	39	15.9434	1			
15.8868	43	15.9508	0			
15.8941	46	15.9581	0			
15.9014	44	15.9654	0			
15.9088	45	15.9727	0			
15.9161	35	15.9801	0			
15.9234	43	15.9874	0			
15.9307	41	15.9947	0			
15.9381	42	16.0021	0			
15.9454	42	16.0094	0			
15.9527	40	16.0167	0			
15.9601	44	16.0241	1			
15.9674	35	16.0314	0			
15.9747	41	16.0387	0			
15.9821	42	16.0461	0			
15.9894	47	16.0534	0			
15.9967	38	16.0607	0			
16.0041	45	16.0681	1			
16.0114	38	16.0754	0			
16.0187	37	16.0827	0			
16.0261	27	16.09	0			
16.0334	43	16.0974	0			
16.0407	42	16.1047	0			
16.048	40	16.112	0			
16.0554	37	16.1194	0			
16.0627	43	16.1267	0			
16.07	34	16.134	0			
16.0774	37	16.1414	0			
16.0847	38	16.1487	0			
16.092	49	16.156	0			
16.0994	44	16.1634	0			
16.1067	32	16.1707	0			
16.114	39	16.178	0			
16.1214	31	16.1854	1			
16.1287	41	16.1927	0			
16.136	42	16.2	0			
16.1433	51	16.2073	0			
16.1507	39	16.2147	0			
16.158	39	16.222	0			
16.1653	41	16.2293	0			
16.1727	37	16.2367	0			
16.18	43	16.244	0			
16.1873	37	16.2513	0			
16.1947	29	16.2587	0			
16.202	43	16.266	0			
16.2093	51	16.2733	0			
16.2167	52	16.2807	0			
16.224	36	16.288	0			
16.2313	41	16.2953	0			
16.2387	35	16.3027	0			
16.246	34	16.31	0			
16.2533	44	16.3173	0			
16.2606	43	16.3246	0			
16.268	27	16.332	0			
16.2753	49	16.3393	0			
16.2826	51	16.3466	0			
16.29	46	16.354	0			
16.2973	48	16.3613	0			
16.3046	35	16.3686	0			
16.312	37	16.376	0			
16.3193	37	16.3833	1			
16.3266	48	16.3906	1			
16.334	54	16.398	0			
16.3413	40	16.4053	0			
16.3486	35	16.4126	0			
16.356	54	16.42	0			
16.3633	45	16.4273	0			
16.3706	25	16.4346	0			
16.3779	35	16.4419	1			
16.3853	41	16.4493	0			
16.3926	42	16.4566	0			
16.4001	33	16.4639	0			
16.4073	43	16.4713	0			
16.4146	35	16.4786	0			
16.4219	35	16.4859	0			
16.4293	35	16.4933	0			
16.4366	47	16.5006	0			
16.4439	32	16.5079	0			
16.4513	41	16.5153	0			
16.4586	47	16.5226	0			
16.4659	36	16.5299	0			
16.4733	41	16.5373	0			
16.4806	43	16.5446	0			
16.4879	33	16.5519	0			
16.4952	29	16.5592	0			
16.5026	43	16.5666	0			
16.5099	45	16.5739	0			
16.5172	33	16.5812	0			
16.5246	44	16.5886	0			
16.5319	37	16.5959	0			
16.5392	41	16.6032	0			
16.5466	42	16.6106	0			
16.5539	49	16.6179	0			
16.5612	38	16.6252	0			
16.5686	38	16.6326	0			
16.5759	40	16.6399	0			
16.5832	35	16.6472	0			
16.5906	46	16.6546	0			
16.5979	31	16.6619	0			
16.6052	32	16.6692	0			
16.6125	32	16.6765	0			
16.6199	37	16.6839	0			
16.6272	30	16.6912	0			
16.6345	38	16.6985	0			
16.6419	33	16.7059	0			
16.6492	41	16.7132	0			
16.6565	35	16.7205	0			
16.6639	43	16.7279	0			
16.6712	34	16.7352	0			
16.6785	40	16.7425	0			
16.6859	38	16.7499	0			
16.6932	37	16.7572	0			
16.7005	40	16.7645	0			
16.7079	40	16.7719	0			
16.7152	43	16.7792	0			
16.7225	31	16.7865	0			
16.7298	34	16.7938	0			
16.7372	26	16.8012	0			
16.7445	46	16.8085	0			
16.7518	34	16.8158	0			
16.7592	38	16.8232	0			
16.7665	45	16.8305	0			
16.7738	56	16.8378	0			
16.7812	29	16.8452	0			
16.7885	38	16.8525	0			
16.7958	42	16.8598	0			
16.8032	42	16.8672	0			
16.8105	31	16.8745	0			
16.8178	36	16.8818	0			
16.8252	34	16.8892	0			
16.8325	36	16.8965	0			
16.8398	27	16.9038	0			
16.8471	40	16.9111	0			
16.8545	36	16.9185	0			
16.8618	33	16.9258	0			
16.8691	25	16.9331	0			
16.8765	27	16.9405	1			
16.8838	45	16.9478	0			
16.8911	36	16.9551	1			
16.8985	44	16.9625	0			
16.9058	33	16.9698	0			
16.9131	38	16.9771	0			
16.9205	42	16.9845	1			
16.9278	40	16.9918	0			
16.9351	43	17.0009	0			
16.9425	53	17.0065	0			
16.9498	37	17.0138	0			
16.9571	36	17.0211	0			
16.9644	47	17.0284	0			
16.9718	35	17.0358	0			
16.9791	27	17.0431	0			
16.9864	45	17.0504	0			
16.9938	42	17.0578	0			
17.0011	31	17.0651	0			
17.0084	26	17.0724	0			
17.0158	41	17.0798	0			
17.0231	37	17.0871	0			
17.0304	36	17.0944	0			
17.0378	25	17.1018	0			
17.0451	35	17.1091	0			
17.0524	40	17.1164	0			
17.0598	28	17.1238	0			
17.0671	37	17.1311	0			
17.0744	28	17.1384	1			
17.0817	40	17.1457	0			
17.0891	23	17.1531	0			
17.0964	30	17.1604	0			
17.1037	36	17.1677	0			
17.1111	29	17.1751	0			
17.1184	34	17.1824	0			
17.1257	29	17.1897	0			
17.1331	30	17.1971	0			
17.1404	33	17.2044	0			
17.1477	38	17.2117	0			
17.1551	30	17.2191	1			
17.1624	35	17.2264	0			
17.1697	37	17.2337	0			
17.1771	37	17.2411	1			
17.1844	35	17.2484	0			
17.1917	29	17.2557	0			
17.199	32	17.263	0			
17.2064	35	17.2704	0			
17.2137	32	17.2777	0			
17.221	35	17.285	0			
17.2284	35	17.2924	0			
17.2357	31	17.2997	0			
17.243	31	17.307	0			
17.2504	20	17.3144	0			
17.2577	34	17.3217	0			
17.265	31	17.329	0			
17.2724	27	17.3364	0			
17.2797	38	17.3437	0			
17.287	39	17.351	1			
17.2944	40	17.3583	0			
17.3017	31	17.3657	0			
17.309	39	17.373	0			
17.3163	24	17.3803	0			
17.3237	39	17.3877	0			
17.331	28	17.395	0			
17.3383	32	17.4023	0			
17.3457	34	17.4097	0			
17.353	30	17.417	1			
17.3603	32	17.4243	1			
17.3677	30	17.4317	0			
17.375	36	17.439	0			
17.3823	37	17.4463	0			
17.3897	29	17.4537	0			
17.397	37	17.461	0			
17.4043	30	17.4683	0			
17.4117	27	17.4756	0			
17.419	37	17.483	0			
17.4263	38	17.4903	0			
17.4336	29	17.4976	1			
17.441	31	17.505	0			
17.4483	39	17.5123	0			
17.4556	28	17.5196	0			
17.463	32	17.527	0			
17.4703	33	17.5343	0			
17.4776	36	17.5416	0			
17.485	35	17.549	0			
17.4923	37	17.5563	0			
17.4996	41	17.5636	0			
17.507	31	17.571	0			
17.5143	40	17.5783	0			
17.5216	39	17.5856	0			
17.529	29	17.5929	0			
17.5363	33	17.6003	0			
17.5436	40	17.6076	1			
17.5509	24	17.6149	0			
17.5583	28	17.6223	0			
17.5656	43	17.6296	0			
17.5729	32	17.6369	0			
17.5803	26	17.6443	0			
17.5876	35	17.6516	0			
17.5949	33	17.6589	0			
17.6023	31	17.6663	0			
17.6096	31	17.6736	0			
17.6169	35	17.6809	0			
17.6243	30	17.6883	1			
17.6316	31	17.6956	0			
17.6389	27	17.7029	1			
17.6463	20	17.7102	0			
17.6536	39	17.7176	0			
17.6609	29	17.7249	1			
17.6682	29	17.7322	0			
17.6756	37	17.7396	0			
17.6829	35	17.7469	0			
17.6902	32	17.7542	0			
17.6976	36	17.7616	0			
17.7049	46	17.7689	0			
17.7122	26	17.7762	0			
17.7196	26	17.7836	0			
17.7269	18	17.7909	0			
17.7342	34	17.7982	0			
17.7416	25	17.8056	0			
17.7489	27	17.8129	0			
17.7562	27	17.8202	0			
17.7635	32	17.8275	0			
17.7709	31	17.8349	1			
17.7782	35	17.8422	1			
17.7855	33	17.8495	0			
17.7929	25	17.8569	0			
17.8002	40	17.8642	0			
17.8075	39	17.8715	0			
17.8149	33	17.8789	0			
17.8222	39	17.8862	0			
17.8295	27	17.8935	0			
17.8369	33	17.9009	0			
17.8442	34	17.9082	0			
17.8515	24	17.9155	0			
17.8589	30	17.9229	0			
17.8662	29	17.9302	0			
17.8735	30	17.9375	0			
17.8808	28	17.9448	0			
17.8882	27	17.9522	1			
17.8955	33	17.9595	0			
17.9028	30	17.9668	1			
17.9102	35	17.9742	0			
17.9175	48	17.9815	0			
17.9248	19	17.9888	0			
17.9322	33	17.9962	0			
17.9395	35	18.0035	0			
17.9468	29	18.0108	0			
17.9542	33	18.0182	0			
17.9615	32	18.0255	0			
17.9688	28	18.0328	0			
17.9762	30	18.0402	0			
17.9835	36	18.0475	0			
17.9908	30	18.0548	0			
17.9981	34	18.0621	1			
18.0055	28	18.0695	0			
18.0128	30	18.0768	0			
18.0201	42	18.0841	0			
18.0275	29	18.0915	0			
18.0348	26	18.0988	0			
18.0421	31	18.1061	0			
18.0495	21	18.1135	0			
18.0568	18	18.1208	0			
18.0641	34	18.1281	0			
18.0715	28	18.1355	0			
18.0788	30	18.1428	0			
18.0861	19	18.1501	0			
18.0935	27	18.1575	0			
18.1008	23	18.1648	0			
18.1081	29	18.1721	0			
18.1154	28	18.1794	0			
18.1228	37	18.1868	0			
18.1301	30	18.1941	0			
18.1374	27	18.2014	0			
18.1448	33	18.2088	0			
18.1521	35	18.2161	0			
18.1594	33	18.2234	0			
18.1668	32	18.2308	1			
18.1741	28	18.2381	0			
18.1814	33	18.2454	0			
18.1888	38	18.2528	0			
18.1961	23	18.2601	0			
18.2034	36	18.2674	0			
18.2108	27	18.2748	1			
18.2181	24	18.2821	0			
18.2254	38	18.2894	0			
18.2327	35	18.2967	0			
18.2401	45	18.3041	0			
18.2474	31	18.3114	0			
18.2547	41	18.3187	0			
18.2621	27	18.3261	0			
18.2694	27	18.3334	0			
18.2767	37	18.3407	0			
18.2841	25	18.3481	0			
18.2914	34	18.3554	0			
18.2987	30	18.3627	0			
18.3061	28	18.3701	0			
18.3134	30	18.3774	0			
18.3207	25	18.3847	0			
18.3281	30	18.3921	0			
18.3354	23	18.3994	0			
18.3427	31	18.4067	0			
18.35	28	18.414	0			
18.3574	21	18.4214	0			
18.3647	24	18.4287	0			
18.372	29	18.436	1			
18.3794	41	18.4434	0			
18.3867	37	18.4507	0			
18.394	29	18.458	0			
18.4014	22	18.4654	0			
18.4087	33	18.4727	0			
18.416	35	18.48	0			
18.4234	31	18.4874	0			
18.4307	29	18.4947	0			
18.438	23	18.502	0			
18.4454	28	18.5094	0			
18.4527	34	18.5167	0			
18.46	21	18.524	0			
18.4673	34	18.5313	0			
18.4747	22	18.5387	0			
18.482	22	18.546	0			
18.4893	31	18.5533	0			
18.4967	23	18.5607	0			
18.504	33	18.568	0			
18.5113	27	18.5753	1			
18.5187	27	18.5827	0			
18.526	29	18.59	0			
18.5333	28	18.5973	1			
18.5407	30	18.6047	0			
18.548	34	18.612	0			
18.5553	24	18.6193	0			
18.5627	27	18.6267	0			
18.57	28	18.634	0			
18.5773	32	18.6413	0			
18.5846	28	18.6486	0			
18.592	26	18.656	0			
18.5993	33	18.6633	0			
18.6066	29	18.6706	1			
18.614	19	18.678	0			
18.6213	28	18.6853	0			
18.6286	21	18.6926	0			
18.636	23	18.7	0			
18.6433	28	18.7073	0			
18.6506	37	18.7146	0			
18.658	41	18.722	0			
18.6653	24	18.7293	0			
18.6726	28	18.7366	0			
18.68	37	18.744	0			
18.6873	37	18.7513	0			
18.6946	39	18.7586	0			
18.7019	25	18.7659	0			
18.7093	33	18.7733	0			
18.7166	17	18.7806	0			
18.7239	29	18.7879	0			
18.7313	23	18.7953	0			
18.7386	35	18.8026	0			
18.7459	24	18.8099	0			
18.7533	25	18.8173	0			
18.7606	31	18.8246	0			
18.7679	26	18.8319	0			
18.7753	20	18.8393	0			
18.7826	24	18.8466	0			
18.7899	27	18.8539	0			
18.7973	30	18.8613	0			
18.8046	18	18.8686	0			
18.8119	29	18.8759	0			
18.8192	25	18.8832	0			
18.8266	30	18.8906	0			
18.8339	17	18.8979	0			
18.8412	24	18.9052	0			
18.8486	28	18.9126	0			
18.8559	26	18.9199	0			
18.8632	24	18.9272	0			
18.8706	29	18.9346	0			
18.8779	23	18.9419	0			
18.8852	31	18.9492	0			
18.8926	34	18.9566	1			
18.8999	21	18.9639	0			
18.9072	35	18.9712	0			
18.9146	26	18.9785	0			
18.9219	28	18.9859	0			
18.9292	22	18.9932	0			
18.9365	21	19.0005	0			
18.9439	27	19.0079	0			
18.9512	18	19.0152	0			
18.9585	31	19.0225	0			
18.9659	22	19.0299	0			
18.9732	25	19.0372	0			
18.9805	30	19.0445	0			
18.9879	25	19.0519	0			
18.9952	31	19.0592	0			
19.0025	30	19.0665	0			
19.0099	27	19.0739	0			
19.0172	31	19.0812	0			
19.0245	24	19.0885	0			
19.0319	22	19.0958	1			
19.0392	24	19.1032	0			
19.0465	31	19.1105	0			
19.0538	34	19.1178	0			
19.0612	32	19.1252	0			
19.0685	21	19.1325	1			
19.0758	25	19.1398	0			
19.0832	25	19.1472	0			
19.0905	25	19.1545	0			
19.0978	21	19.1618	0			
19.1052	25	19.1692	0			
19.1125	20	19.1765	0			
19.1198	25	19.1838	0			
19.1272	25	19.1912	0			
19.1345	32	19.1985	0			
19.1418	32	19.2058	0			
19.1492	32	19.2131	0			
19.1565	23	19.2205	0			
19.1638	31	19.2278	0			
19.1711	29	19.2351	0			
19.1785	30	19.2425	0			
19.1858	37	19.2498	1			
19.1931	30	19.2571	1			
19.2005	32	19.2645	0			
19.2078	26	19.2718	0			
19.2151	26	19.2791	0			
19.2225	24	19.2865	0			
19.2298	33	19.2938	0			
19.2371	20	19.3011	0			
19.2445	28	19.3085	0			
19.2518	24	19.3158	0			
19.2591	29	19.3231	0			
19.2665	22	19.3304	0			
19.2738	21	19.3378	0			
19.2811	25	19.3451	0			
19.2884	20	19.3524	0			
19.2958	26	19.3598	0			
19.3031	23	19.3671	0			
19.3104	24	19.3744	0			
19.3178	19	19.3818	0			
19.3251	19	19.3891	0			
19.3324	26	19.3964	0			
19.3398	35	19.4038	0			
19.3471	22	19.4111	0			
19.3544	38	19.4184	0			
19.3618	27	19.4258	0			
19.3691	26	19.4331	0			
19.3764	19	19.4404	0			
19.3837	31	19.4477	0			
19.3911	35	19.4551	0			
19.3984	27	19.4624	0			
19.4057	21	19.4697	0			
19.4131	32	19.4771	0			
19.4204	29	19.4844	0			
19.4277	28	19.4917	0			
19.4351	32	19.4991	0			
19.4424	29	19.5064	0			
19.4497	25	19.5137	0			
19.4571	27	19.5211	0			
19.4644	31	19.5284	0			
19.4717	24	19.5357	0			
19.4791	24	19.5431	0			
19.4864	34	19.5504	0			
19.4937	26	19.5577	0			
19.501	18	19.565	0			
19.5084	24	19.5724	0			
19.5157	39	19.5797	0			
19.523	30	19.587	0			
19.5304	29	19.5944	0			
19.5377	19	19.6017	0			
19.545	19	19.609	0			
19.5524	18	19.6164	0			
19.5597	16	19.6237	0			
19.567	23	19.631	0			
19.5744	28	19.6384	0			
19.5817	27	19.6457	0			
19.589	26	19.653	1			
19.5964	24	19.6604	0			
19.6037	19	19.6677	0			
19.611	29	19.675	0			
19.6183	25	19.6823	0			
19.6257	22	19.6897	0			
19.633	28	19.697	0			
19.6403	29	19.7043	0			
19.6477	27	19.7117	0			
19.655	30	19.719	0			
19.6623	32	19.7263	0			
19.6697	25	19.7337	0			
19.677	26	19.741	0			
19.6843	23	19.7483	1			
19.6917	41	19.7557	0			
19.699	26	19.763	0			
19.7063	26	19.7703	0			
19.7137	24	19.7777	0			
19.721	28	19.785	0			
19.7283	19	19.7923	0			
19.7356	25	19.7996	0			
19.743	26	19.807	0			
19.7503	23	19.8143	0			
19.7576	17	19.8216	1			
19.765	27	19.829	0			
19.7723	16	19.8363	0			
19.7796	27	19.8436	0			
19.787	27	19.851	0			
19.7943	24	19.8583	0			
19.8016	18	19.8656	0			
19.809	20	19.873	0			
19.8163	22	19.8803	0			
19.8236	20	19.8876	0			
19.831	27	19.895	1			
19.8383	23	19.9023	0			
19.8456	19	19.9096	0			
19.8529	31	19.9169	0			
19.8603	27	19.9243	0			
19.8676	23	19.9316	0			
19.8749	30	19.9389	0			
19.8823	24	19.9463	0			
19.8896	21	19.9536	0			
19.8969	22	19.9609	0			
19.9043	30	19.9683	0			
19.9116	24	19.9756	0			
19.9189	23	19.9829	0			
19.9263	29	20.0097	0			
19.9336	25	20.0024	0			
19.9409	22	20.0049	0			
19.9483	29	20.0123	0			
19.9556	22	20.0196	0			
19.9629	34	20.0269	0			
19.9702	22	20.0342	1			
19.9776	15	20.0416	2			
19.9849	22	20.0489	0			
20.0078	25	20.0562	0			
20.0004	26	20.0636	1			
20.0069	29	20.0709	0			
20.0142	28	20.0782	0			
20.0216	24	20.0856	0			
20.0289	23	20.0929	0			
20.0362	25	20.1002	0			
20.0436	25	20.1076	0			
20.0509	28	20.1149	0			
20.0582	23	20.1222	0			
20.0656	25	20.1296	0			
20.0729	19	20.1369	0			
20.0802	28	20.1442	0			
20.0875	27	20.1515	0			
20.0949	18	20.1589	0			
20.1022	21	20.1662	0			
20.1095	24	20.1735	0			
20.1169	33	20.1809	0			
20.1242	30	20.1882	0			
20.1315	18	20.1955	0			
20.1389	40	20.2029	0			
20.1462	25	20.2102	0			
20.1535	19	20.2175	0			
20.1609	18	20.2249	0			
20.1682	18	20.2322	0			
20.1755	34	20.2395	0			
20.1829	18	20.2469	0			
20.1902	18	20.2542	0			
20.1975	31	20.2615	0			
20.2048	21	20.2688	0			
20.2122	23	20.2762	0			
20.2195	16	20.2835	0			
20.2268	20	20.2908	0			
20.2342	21	20.2982	0			
20.2415	26	20.3055	1			
20.2488	14	20.3128	0			
20.2562	26	20.3202	0			
20.2635	18	20.3275	0			
20.2708	23	20.3348	0			
20.2782	28	20.3422	0			
20.2855	24	20.3495	0			
20.2928	24	20.3568	0			
20.3002	19	20.3642	0			
20.3075	19	20.3715	0			
20.3148	25	20.3788	1			
20.3221	20	20.3861	0			
20.3295	20	20.3935	0			
20.3368	25	20.4008	0			
20.3441	22	20.4081	0			
20.3515	22	20.4155	0			
20.3588	21	20.4228	0			
20.3661	25	20.4301	1			
20.3735	21	20.4375	0			
20.3808	26	20.4448	0			
20.3881	27	20.4521	0			
20.3955	28	20.4595	0			
20.4028	24	20.4668	0			
20.4101	22	20.4741	0			
20.4175	34	20.4814	0			
20.4248	21	20.4888	0			
20.4321	24	20.4961	0			
20.4394	21	20.5034	0			
20.4468	30	20.5108	0			
20.4541	16	20.5181	0			
20.4614	20	20.5254	0			
20.4688	27	20.5328	0			
20.4761	21	20.5401	0			
20.4834	23	20.5474	0			
20.4908	17	20.5548	0			
20.4981	21	20.5621	0			
20.5054	22	20.5694	0			
20.5128	20	20.5768	0			
20.5201	13	20.5841	0			
20.5274	20	20.5914	0			
20.5348	18	20.5987	0			
20.5421	19	20.6061	0			
20.5494	24	20.6134	0			
20.5567	24	20.6207	0			
20.5641	10	20.6281	0			
20.5714	24	20.6354	0			
20.5787	28	20.6427	0			
20.5861	25	20.6501	0			
20.5934	21	20.6574	1			
20.6007	20	20.6647	0			
20.6081	17	20.6721	0			
20.6154	23	20.6794	0			
20.6227	20	20.6867	0			
20.6301	17	20.6941	0			
20.6374	23	20.7014	0			
20.6447	22	20.7087	0			
20.6521	20	20.716	0			
20.6594	18	20.7234	0			
20.6667	19	20.7307	0			
20.674	23	20.738	0			
20.6814	26	20.7454	0			
20.6887	30	20.7527	0			
20.696	22	20.76	0			
20.7034	19	20.7674	0			
20.7107	20	20.7747	0			
20.718	26	20.782	0			
20.7254	25	20.7894	0			
20.7327	24	20.7967	0			
20.74	19	20.804	0			
20.7474	21	20.8114	0			
20.7547	21	20.8187	0			
20.762	16	20.826	0			
20.7694	29	20.8333	0			
20.7767	27	20.8407	0			
20.784	21	20.848	0			
20.7913	31	20.8553	0			
20.7987	22	20.8627	0			
20.806	26	20.87	1			
20.8133	23	20.8773	0			
20.8207	24	20.8847	0			
20.828	16	20.892	0			
20.8353	16	20.8993	0			
20.8427	16	20.9067	0			
20.85	17	20.914	0			
20.8573	25	20.9213	0			
20.8647	17	20.9287	0			
20.872	21	20.936	1			
20.8793	14	20.9433	0			
20.8867	18	20.9506	1			
20.894	21	20.958	0			
20.9013	21	20.9653	0			
20.9086	16	20.9726	0			
20.916	24	20.98	1			
20.9233	26	20.9873	0			
20.9306	24	20.9946	0			
20.938	26	21.002	0			
20.9453	21	21.0093	0			
20.9526	16	21.0166	0			
20.96	22	21.024	0			
20.9673	26	21.0313	0			
20.9746	12	21.0386	0			
20.982	27	21.046	0			
20.9893	25	21.0533	0			
20.9966	17	21.0606	0			
21.0039	13	21.0679	1			
21.0113	23	21.0753	0			
21.0186	23	21.0826	0			
21.0259	18	21.0899	1			
21.0333	17	21.0973	0			
21.0406	22	21.1046	0			
21.0479	26	21.1119	0			
21.0553	21	21.1193	0			
21.0626	26	21.1266	0			
21.0699	20	21.1339	0			
21.0773	13	21.1413	0			
21.0846	18	21.1486	1			
21.0919	25	21.1559	0			
21.0993	22	21.1633	0			
21.1066	28	21.1706	0			
21.1139	17	21.1779	0			
21.1212	24	21.1852	0			
21.1286	21	21.1926	0			
21.1359	21	21.2001	0			
21.1432	16	21.2072	0			
21.1506	19	21.2146	0			
21.1579	24	21.2219	0			
21.1652	16	21.2292	0			
21.1726	18	21.2366	0			
21.1799	28	21.2439	0			
21.1872	20	21.2512	0			
21.1946	29	21.2586	0			
21.2019	22	21.2659	0			
21.2092	18	21.2732	0			
21.2166	18	21.2806	0			
21.2239	19	21.2879	0			
21.2312	22	21.2952	0			
21.2385	25	21.3025	0			
21.2459	18	21.3099	0			
21.2532	15	21.3172	0			
21.2605	20	21.3245	0			
21.2679	25	21.3319	0			
21.2752	22	21.3392	0			
21.2825	21	21.3465	0			
21.2899	22	21.3539	0			
21.2972	18	21.3612	0			
21.3045	26	21.3685	0			
21.3119	19	21.3759	0			
21.3192	24	21.3832	0			
21.3265	26	21.3905	0			
21.3339	25	21.3979	0			
21.3412	23	21.4052	0			
21.3485	16	21.4125	0			
21.3558	14	21.4198	0			
21.3632	16	21.4272	0			
21.3705	25	21.4345	0			
21.3778	19	21.4418	0			
21.3852	17	21.4492	0			
21.3925	23	21.4565	0			
21.3998	23	21.4638	0			
21.4072	15	21.4712	0			
21.4145	21	21.4785	0			
21.4218	21	21.4858	0			
21.4292	21	21.4932	0			
21.4365	13	21.5005	0			
21.4438	25	21.5078	0			
21.4512	31	21.5152	0			
21.4585	19	21.5225	0			
21.4658	20	21.5298	0			
21.4731	13	21.5371	0			
21.4805	25	21.5445	0			
21.4878	23	21.5518	0			
21.4951	15	21.5591	0			
21.5025	20	21.5665	0			
21.5098	21	21.5738	0			
21.5171	18	21.5811	0			
21.5245	21	21.5885	0			
21.5318	13	21.5958	0			
21.5391	25	21.6031	0			
21.5465	20	21.6105	0			
21.5538	21	21.6178	0			
21.5611	10	21.6251	0			
21.5685	16	21.6325	0			
21.5758	30	21.6398	0			
21.5831	14	21.6471	0			
21.5904	16	21.6544	0			
21.5978	24	21.6618	0			
21.6051	18	21.6691	0			
21.6124	18	21.6764	0			
21.6198	29	21.6838	0			
21.6271	16	21.6911	0			
21.6344	15	21.6984	0			
21.6418	19	21.7058	0			
21.6491	22	21.7131	0			
21.6564	20	21.7204	0			
21.6638	14	21.7278	0			
21.6711	20	21.7351	0			
21.6784	18	21.7424	0			
21.6858	21	21.7498	0			
21.6931	26	21.7571	0			
21.7004	28	21.7644	0			
21.7077	14	21.7717	1			
21.7151	17	21.7791	0			
21.7224	24	21.7864	0			
21.7297	27	21.7937	0			
21.7371	21	21.8011	0			
21.7444	19	21.8084	0			
21.7517	17	21.8157	0			
21.7591	28	21.8231	0			
21.7664	20	21.8304	0			
21.7737	22	21.8377	0			
21.7811	19	21.8451	0			
21.7884	13	21.8524	0			
21.7957	19	21.8597	0			
21.8031	27	21.8671	0			
21.8104	24	21.8744	0			
21.8177	17	21.8817	0			
21.825	15	21.889	0			
21.8324	25	21.8964	0			
21.8397	26	21.9037	0			
21.847	17	21.911	0			
21.8544	18	21.9184	0			
21.8617	21	21.9257	0			
21.869	17	21.933	0			
21.8764	19	21.9404	0			
21.8837	30	21.9477	0			
21.891	18	21.955	0			
21.8984	15	21.9624	0			
21.9057	25	21.9697	0			
21.913	28	21.977	1			
21.9204	19	21.9844	0			
21.9277	14	21.9917	0			
21.935	20	22.0001	1			
21.9423	18	22.0063	0			
21.9497	17	22.0137	0			
21.957	16	22.021	0			
21.9643	20	22.0283	0			
21.9717	21	22.0357	0			
21.979	25	22.043	0			
21.9863	21	22.0503	0			
21.9937	19	22.0577	0			
22.001	15	22.065	0			
22.0083	11	22.0723	0			
22.0157	16	22.0797	0			
22.023	20	22.087	0			
22.0303	25	22.0943	0			
22.0377	17	22.1016	0			
22.045	17	22.109	0			
22.0523	19	22.1163	0			
22.0596	22	22.1236	0			
22.067	15	22.131	0			
22.0743	20	22.1383	0			
22.0816	17	22.1456	0			
22.089	21	22.153	0			
22.0963	20	22.1603	0			
22.1036	20	22.1676	0			
22.111	16	22.175	0			
22.1183	14	22.1823	0			
22.1256	22	22.1896	0			
22.133	13	22.197	1			
22.1403	14	22.2043	0			
22.1476	22	22.2116	0			
22.155	20	22.2189	0			
22.1623	28	22.2263	1			
22.1696	18	22.2336	0			
22.1769	19	22.2409	0			
22.1843	23	22.2483	0			
22.1916	28	22.2556	0			
22.1989	17	22.2629	0			
22.2063	26	22.2703	0			
22.2136	16	22.2776	0			
22.2209	12	22.2849	0			
22.2283	23	22.2923	1			
22.2356	25	22.2996	0			
22.2429	14	22.3069	0			
22.2503	12	22.3143	0			
22.2576	21	22.3216	0			
22.2649	14	22.3289	0			
22.2723	17	22.3362	0			
22.2796	20	22.3436	1			
22.2869	22	22.3509	0			
22.2942	15	22.3582	0			
22.3016	22	22.3656	1			
22.3089	24	22.3729	0			
22.3162	23	22.3802	0			
22.3236	21	22.3876	0			
22.3309	15	22.3949	0			
22.3382	24	22.4022	0			
22.3456	9	22.4096	0			
22.3529	19	22.4169	0			
22.3602	13	22.4242	0			
22.3676	17	22.4316	0			
22.3749	11	22.4389	0			
22.3822	15	22.4462	0			
22.3896	18	22.4535	0			
22.3969	18	22.4609	0			
22.4042	21	22.4682	0			
22.4115	15	22.4755	0			
22.4189	17	22.4829	0			
22.4262	18	22.4902	0			
22.4335	13	22.4975	0			
22.4409	26	22.5049	0			
22.4482	14	22.5122	0			
22.4555	13	22.5195	0			
22.4629	19	22.5269	0			
22.4702	20	22.5342	0			
22.4775	18	22.5415	0			
22.4849	11	22.5489	0			
22.4922	24	22.5562	0			
22.4995	14	22.5635	0			
22.5069	21	22.5708	0			
22.5142	18	22.5782	0			
22.5215	13	22.5855	0			
22.5288	19	22.5928	0			
22.5362	20	22.6002	0			
22.5435	23	22.6075	1			
22.5508	18	22.6148	0			
22.5582	12	22.6222	0			
22.5655	24	22.6295	0			
22.5728	15	22.6368	0			
22.5802	23	22.6442	0			
22.5875	20	22.6515	0			
22.5948	12	22.6588	0			
22.6022	9	22.6662	0			
22.6095	21	22.6735	0			
22.6168	21	22.6808	0			
22.6241	26	22.6881	0			
22.6315	19	22.6955	0			
22.6388	25	22.7028	0			
22.6461	20	22.7101	0			
22.6535	17	22.7175	0			
22.6608	19	22.7248	0			
22.6681	11	22.7321	0			
22.6755	22	22.7395	0			
22.6828	16	22.7468	1			
22.6901	19	22.7541	0			
22.6975	12	22.7615	0			
22.7048	26	22.7688	1			
22.7121	19	22.7761	0			
22.7195	21	22.7835	0			
22.7268	17	22.7908	0			
22.7341	19	22.7981	0			
22.7414	20	22.8054	0			
22.7488	23	22.8128	1			
22.7561	21	22.8201	0			
22.7634	23	22.8274	0			
22.7708	20	22.8348	0			
22.7781	22	22.8421	0			
22.7854	24	22.8494	0			
22.7928	20	22.8568	0			
22.8001	14	22.8641	0			
22.8074	15	22.8714	0			
22.8148	15	22.8788	0			
22.8221	16	22.8861	0			
22.8294	10	22.8934	0			
22.8368	20	22.9008	0			
22.8441	17	22.9081	0			
22.8514	6	22.9154	0			
22.8587	17	22.9227	0			
22.8661	17	22.9301	0			
22.8734	13	22.9374	0			
22.8807	22	22.9447	0			
22.8881	22	22.9521	0			
22.8954	15	22.9594	0			
22.9027	17	22.9667	0			
22.9101	28	22.9741	0			
22.9174	20	22.9814	0			
22.9247	13	22.9887	1			
22.9321	26	22.9961	1			
22.9394	18	23.0034	0			
22.9467	13	23.0107	0			
22.9541	13	23.0181	0			
22.9614	14	23.0254	0			
22.9687	13	23.0327	0			
22.976	20	23.04	0			
22.9834	26	23.0474	0			
22.9907	16	23.0547	0			
22.998	14	23.062	0			
23.0054	21	23.0694	0			
23.0127	16	23.0767	0			
23.02	13	23.084	0			
23.0274	9	23.0914	0			
23.0347	19	23.0987	0			
23.042	16	23.106	0			
23.0494	17	23.1134	0			
23.0567	15	23.1207	0			
23.064	18	23.128	0			
23.0714	13	23.1354	0			
23.0787	15	23.1427	0			
23.086	18	23.15	0			
23.0933	24	23.1573	0			
23.1007	20	23.1647	0			
23.108	18	23.172	0			
23.1153	18	23.1793	0			
23.1227	19	23.1867	0			
23.13	11	23.194	0			
23.1373	21	23.2013	0			
23.1447	20	23.2087	1			
23.152	17	23.216	0			
23.1593	17	23.2233	0			
23.1667	23	23.2307	0			
23.174	13	23.238	0			
23.1813	19	23.2453	0			
23.1887	19	23.2527	0			
23.196	22	23.26	0			
23.2033	31	23.2673	0			
23.2106	15	23.2746	0			
23.218	18	23.282	1			
23.2253	13	23.2893	0			
23.2326	19	23.2966	0			
23.24	17	23.304	0			
23.2473	14	23.3113	0			
23.2546	15	23.3186	0			
23.262	12	23.326	0			
23.2693	24	23.3333	0			
23.2766	6	23.3406	0			
23.284	19	23.348	0			
23.2913	12	23.3553	0			
23.2986	17	23.3626	0			
23.306	20	23.37	1			
23.3133	14	23.3773	0			
23.3206	16	23.3846	0			
23.3279	17	23.3919	0			
23.3353	12	23.3993	0			
23.3426	13	23.4066	0			
23.3499	14	23.4139	0			
23.3573	17	23.4213	0			
23.3646	20	23.4286	0			
23.3719	16	23.4359	1			
23.3793	18	23.4433	0			
23.3866	11	23.4506	0			
23.3939	15	23.4579	0			
23.4013	8	23.4653	0			
23.4086	19	23.4726	0			
23.4159	18	23.4799	0			
23.4233	12	23.4873	0			
23.4306	24	23.4946	0			
23.4379	10	23.5019	0			
23.4452	19	23.5092	0			
23.4526	19	23.5166	0			
23.4599	21	23.5239	0			
23.4672	19	23.5312	0			
23.4746	19	23.5386	0			
23.4819	14	23.5459	0			
23.4892	14	23.5532	0			
23.4966	17	23.5606	0			
23.5039	30	23.5679	0			
23.5112	21	23.5752	0			
23.5186	14	23.5826	0			
23.5259	16	23.5899	0			
23.5332	17	23.5972	0			
23.5406	13	23.6046	0			
23.5479	11	23.6119	0			
23.5552	17	23.6192	0			
23.5625	19	23.6265	0			
23.5699	17	23.6339	0			
23.5772	18	23.6412	1			
23.5845	14	23.6485	0			
23.5919	13	23.6559	0			
23.5992	12	23.6632	0			
23.6065	15	23.6705	0			
23.6139	12	23.6779	0			
23.6212	17	23.6852	1			
23.6285	18	23.6925	0			
23.6359	20	23.6999	1			
23.6432	13	23.7072	0			
23.6505	15	23.7145	0			
23.6579	15	23.7218	0			
23.6652	13	23.7292	0			
23.6725	20	23.7365	0			
23.6798	18	23.7438	0			
23.6872	23	23.7512	0			
23.6945	18	23.7585	0			
23.7018	15	23.7658	0			
23.7092	20	23.7732	0			
23.7165	15	23.7805	0			
23.7238	17	23.7878	0			
23.7312	8	23.7952	0			
23.7385	15	23.8025	0			
23.7458	16	23.8098	0			
23.7532	15	23.8172	0			
23.7605	20	23.8245	0			
23.7678	22	23.8318	0			
23.7752	15	23.8391	0			
23.7825	11	23.8465	0			
23.7898	10	23.8538	0			
23.7971	16	23.8611	0			
23.8045	11	23.8685	0			
23.8118	17	23.8758	0			
23.8191	18	23.8831	0			
23.8265	13	23.8905	0			
23.8338	20	23.8978	0			
23.8411	12	23.9051	0			
23.8485	16	23.9125	0			
23.8558	10	23.9198	0			
23.8631	14	23.9271	0			
23.8705	9	23.9345	0			
23.8778	12	23.9418	0			
23.8851	12	23.9491	0			
23.8925	17	23.9564	0			
23.8998	17	23.9638	0			
23.9071	15	23.9711	0			
23.9144	18	23.9784	1			
23.9218	17	23.9858	0			
23.9291	20	23.9931	0			
23.9364	14	24.0004	0			
23.9438	17	24.0078	0			
23.9511	19	24.0151	0			
23.9584	20	24.0224	0			
23.9658	18	24.0298	0			
23.9731	13	24.0371	0			
23.9804	8	24.0444	0			
23.9878	21	24.0518	0			
23.9951	14	24.0591	0			
24.0024	18	24.0664	0			
24.0098	15	24.0737	0			
24.0171	18	24.0811	0			
24.0244	17	24.0884	0			
24.0317	16	24.0957	0			
24.0391	15	24.1031	0			
24.0464	13	24.1104	0			
24.0537	15	24.1177	1			
24.0611	9	24.1251	0			
24.0684	11	24.1324	0			
24.0757	14	24.1397	0			
24.0831	18	24.1471	0			
24.0904	21	24.1544	0			
24.0977	15	24.1617	0			
24.1051	17	24.1691	0			
24.1124	10	24.1764	0			
24.1197	20	24.1837	0			
24.1271	15	24.191	0			
24.1344	9	24.1984	0			
24.1417	21	24.2057	0			
24.149	12	24.213	0			
24.1564	18	24.2204	0			
24.1637	12	24.2277	0			
24.171	22	24.235	0			
24.1784	14	24.2424	0			
24.1857	16	24.2497	0			
24.193	13	24.257	0			
24.2004	18	24.2644	0			
24.2077	15	24.2717	0			
24.215	18	24.279	0			
24.2224	18	24.2864	1			
24.2297	15	24.2937	0			
24.237	14	24.301	0			
24.2443	20	24.3083	0			
24.2517	25	24.3157	0			
24.259	13	24.323	0			
24.2663	14	24.3303	0			
24.2737	17	24.3377	0			
24.281	13	24.345	0			
24.2883	14	24.3523	0			
24.2957	14	24.3597	0			
24.303	16	24.367	0			
24.3103	25	24.3743	0			
24.3177	22	24.3817	0			
24.325	13	24.389	0			
24.3323	13	24.3963	0			
24.3397	11	24.4037	0			
24.347	18	24.411	0			
24.3543	15	24.4183	1			
24.3616	11	24.4256	0			
24.369	19	24.433	0			
24.3763	8	24.4403	0			
24.3836	14	24.4476	0			
24.391	17	24.455	0			
24.3983	13	24.4623	0			
24.4056	17	24.4696	0			
24.413	10	24.477	0			
24.4203	13	24.4843	0			
24.4276	14	24.4916	0			
24.435	15	24.499	0			
24.4423	18	24.5063	0			
24.4496	10	24.5136	0			
24.457	14	24.521	0			
24.4643	22	24.5283	0			
24.4716	8	24.5356	0			
24.4789	12	24.5429	0			
24.4863	14	24.5503	0			
24.4936	17	24.5576	0			
24.5009	8	24.5649	0			
24.5083	22	24.5723	0			
24.5156	17	24.5796	0			
24.5229	15	24.5869	0			
24.5303	19	24.5943	0			
24.5376	10	24.6016	0			
24.5449	12	24.6089	0			
24.5523	22	24.6163	0			
24.5596	14	24.6236	0			
24.5669	10	24.6309	0			
24.5743	11	24.6383	0			
24.5816	15	24.6456	0			
24.5889	10	24.6529	0			
24.5962	17	24.6602	0			
24.6036	15	24.6676	0			
24.6109	9	24.6749	0			
24.6182	10	24.6822	0			
24.6256	12	24.6896	0			
24.6329	9	24.6969	0			
24.6402	12	24.7042	0			
24.6476	15	24.7116	0			
24.6549	9	24.7189	0			
24.6622	11	24.7262	0			
24.6696	11	24.7336	0			
24.6769	13	24.7409	0			
24.6842	16	24.7482	1			
24.6916	12	24.7556	0			
24.6989	19	24.7629	0			
24.7062	9	24.7702	0			
24.7135	10	24.7775	0			
24.7209	15	24.7849	0			
24.7282	16	24.7922	0			
24.7355	5	24.7995	0			
24.7429	25	24.8069	0			
24.7502	13	24.8142	0			
24.7575	13	24.8215	0			
24.7649	12	24.8289	0			
24.7722	13	24.8362	0			
24.7795	16	24.8435	0			
24.7869	13	24.8509	0			
24.7942	18	24.8582	0			
24.8015	16	24.8655	0			
24.8089	17	24.8729	0			
24.8162	17	24.8802	0			
24.8235	6	24.8875	0			
24.8308	7	24.8948	0			
24.8382	13	24.9022	0			
24.8455	14	24.9095	0			
24.8528	15	24.9168	0			
24.8602	11	24.9242	0			
24.8675	10	24.9315	0			
24.8748	15	24.9388	0			
24.8822	18	24.9462	0			
24.8895	13	24.9535	0			
24.8968	20	24.9608	0			
24.9042	15	24.9682	0			
24.9115	17	24.9755	0			
24.9188	21	24.9828	0			
24.9262	9	24.9902	0			
24.9335	16	24.9975	0			
24.9408	14	25.0048	0			
24.9481	12	25.0121	0			
24.9555	12	25.0195	1			
24.9628	14	25.0268	0			
24.9701	17	25.0341	0			
24.9775	15	25.0415	0			
24.9848	13	25.0488	0			
24.9921	16	25.0561	0			
25.0005	20	25.0635	0			
25.0068	9	25.0708	0			
25.0141	15	25.0781	0			
25.0215	13	25.0855	0			
25.0288	14	25.0928	0			
25.0361	17	25.1001	0			
25.0435	13	25.1075	0			
25.0508	8	25.1148	0			
25.0581	10	25.1221	0			
25.0654	16	25.1294	0			
25.0728	16	25.1368	0			
25.0801	9	25.1441	1			
25.0874	15	25.1514	0			
25.0948	10	25.1588	0			
25.1021	11	25.1661	0			
25.1094	10	25.1734	0			
25.1168	17	25.1808	0			
25.1241	17	25.1881	0			
25.1314	15	25.1954	0			
25.1388	10	25.2028	0			
25.1461	17	25.2101	0			
25.1534	13	25.2174	0			
25.1608	9	25.2248	0			
25.1681	15	25.2321	0			
25.1754	17	25.2394	0			
25.1827	15	25.2467	0			
25.1901	16	25.2541	0			
25.1974	13	25.2614	0			
25.2047	8	25.2687	0			
25.2121	11	25.2761	0			
25.2194	16	25.2834	0			
25.2267	16	25.2907	0			
25.2341	12	25.2981	0			
25.2414	13	25.3054	0			
25.2487	14	25.3127	0			
25.2561	8	25.3201	0			
25.2634	23	25.3274	0			
25.2707	18	25.3347	0			
25.2781	14	25.342	0			
25.2854	16	25.3494	0			
25.2927	15	25.3567	0			
25.3	14	25.364	0			
25.3074	17	25.3714	0			
25.3147	13	25.3787	0			
25.322	12	25.386	0			
25.3294	14	25.3934	0			
25.3367	17	25.4007	0			
25.344	12	25.408	0			
25.3514	15	25.4154	0			
25.3587	8	25.4227	0			
25.366	14	25.43	0			
25.3734	17	25.4374	0			
25.3807	15	25.4447	0			
25.388	14	25.452	0			
25.3954	19	25.4593	0			
25.4027	16	25.4667	1			
25.41	10	25.474	0			
25.4173	13	25.4813	0			
25.4247	13	25.4887	0			
25.432	19	25.496	0			
25.4393	20	25.5033	0			
25.4467	17	25.5107	0			
25.454	12	25.518	0			
25.4613	14	25.5253	0			
25.4687	8	25.5327	0			
25.476	17	25.54	0			
25.4833	10	25.5473	0			
25.4907	14	25.5547	0			
25.498	14	25.562	0			
25.5053	15	25.5693	1			
25.5127	13	25.5766	0			
25.52	13	25.584	0			
25.5273	12	25.5913	0			
25.5346	14	25.5986	0			
25.542	16	25.606	0			
25.5493	13	25.6133	0			
25.5566	15	25.6206	0			
25.564	6	25.628	0			
25.5713	15	25.6353	0			
25.5786	15	25.6426	0			
25.586	14	25.65	0			
25.5933	15	25.6573	1			
25.6006	11	25.6646	0			
25.608	11	25.672	0			
25.6153	12	25.6793	0			
25.6226	16	25.6866	0			
25.63	17	25.6939	0			
25.6373	11	25.7013	0			
25.6446	17	25.7086	0			
25.6519	11	25.7159	0			
25.6593	12	25.7233	0			
25.6666	12	25.7306	0			
25.6739	18	25.7379	0			
25.6813	11	25.7453	0			
25.6886	19	25.7526	1			
25.6959	13	25.7599	0			
25.7033	14	25.7673	0			
25.7106	13	25.7746	0			
25.7179	9	25.7819	0			
25.7253	12	25.7893	0			
25.7326	12	25.7966	0			
25.7399	10	25.8039	0			
25.7473	21	25.8112	1			
25.7546	13	25.8186	0			
25.7619	9	25.8259	0			
25.7692	10	25.8332	0			
25.7766	11	25.8406	0			
25.7839	12	25.8479	0			
25.7912	20	25.8552	0			
25.7986	12	25.8626	0			
25.8059	12	25.8699	1			
25.8132	12	25.8772	0			
25.8206	17	25.8846	0			
25.8279	14	25.8919	0			
25.8352	20	25.8992	0			
25.8426	8	25.9066	0			
25.8499	11	25.9139	0			
25.8572	9	25.9212	0			
25.8645	16	25.9285	0			
25.8719	13	25.9359	0			
25.8792	16	25.9432	0			
25.8865	8	25.9505	0			
25.8939	11	25.9579	0			
25.9012	15	25.9652	0			
25.9085	15	25.9725	0			
25.9159	14	25.9799	0			
25.9232	22	25.9872	0			
25.9305	8	25.9945	0			
25.9379	20	26.0019	0			
25.9452	11	26.0092	0			
25.9525	12	26.0165	0			
25.9599	11	26.0239	0			
25.9672	12	26.0312	0			
25.9745	7	26.0385	0			
25.9818	14	26.0458	0			
25.9892	9	26.0532	0			
25.9965	16	26.0605	0			
26.0038	14	26.0678	0			
26.0112	10	26.0752	0			
26.0185	17	26.0825	0			
26.0258	14	26.0898	0			
26.0332	6	26.0972	0			
26.0405	11	26.1045	0			
26.0478	24	26.1118	0			
26.0552	9	26.1192	0			
26.0625	10	26.1265	0			
26.0698	16	26.1338	0			
26.0772	11	26.1412	0			
26.0845	14	26.1485	0			
26.0918	15	26.1558	0			
26.0991	11	26.1631	0			
26.1065	18	26.1705	0			
26.1138	11	26.1778	1			
26.1211	14	26.1851	0			
26.1285	9	26.1925	0			
26.1358	14	26.1998	0			
26.1431	19	26.2071	0			
26.1505	10	26.2145	0			
26.1578	10	26.2218	0			
26.1651	13	26.2291	0			
26.1725	13	26.2365	0			
26.1798	8	26.2438	0			
26.1871	14	26.2511	0			
26.1945	8	26.2585	0			
26.2018	11	26.2658	0			
26.2091	12	26.2731	0			
26.2164	14	26.2804	0			
26.2238	11	26.2878	0			
26.2311	9	26.2951	0			
26.2384	14	26.3024	1			
26.2458	10	26.3098	0			
26.2531	14	26.3171	0			
26.2604	15	26.3244	0			
26.2678	7	26.3318	0			
26.2751	9	26.3391	0			
26.2824	9	26.3464	0			
26.2898	12	26.3538	0			
26.2971	14	26.3611	0			
26.3044	14	26.3684	0			
26.3118	9	26.3758	0			
26.3191	7	26.3831	0			
26.3264	12	26.3904	1			
26.3337	21	26.3977	0			
26.3411	11	26.4051	1			
26.3484	17	26.4124	0			
26.3557	9	26.4197	0			
26.3631	14	26.4271	0			
26.3704	12	26.4344	0			
26.3777	13	26.4417	0			
26.3851	12	26.4491	0			
26.3924	9	26.4564	0			
26.3997	13	26.4637	0			
26.4071	18	26.4711	0			
26.4144	11	26.4784	0			
26.4217	14	26.4857	0			
26.4291	11	26.4931	0			
26.4364	17	26.5004	0			
26.4437	14	26.5077	0			
26.451	14	26.515	0			
26.4584	18	26.5224	0			
26.4657	11	26.5297	0			
26.473	10	26.537	0			
26.4804	13	26.5444	0			
26.4877	10	26.5517	0			
26.495	18	26.559	0			
26.5024	15	26.5664	1			
26.5097	12	26.5737	0			
26.517	16	26.581	0			
26.5244	9	26.5884	1			
26.5317	7	26.5957	0			
26.539	15	26.603	0			
26.5464	14	26.6104	0			
26.5537	11	26.6177	0			
26.561	11	26.625	0			
26.5683	10	26.6323	0			
26.5757	11	26.6397	0			
26.583	8	26.647	1			
26.5903	14	26.6543	0			
26.5977	13	26.6617	0			
26.605	13	26.669	0			
26.6123	10	26.6763	0			
26.6197	12	26.6837	0			
26.627	15	26.691	0			
26.6343	13	26.6983	0			
26.6417	10	26.7057	0			
26.649	7	26.713	0			
26.6563	14	26.7203	1			
26.6637	10	26.7277	0			
26.671	11	26.735	0			
26.6783	16	26.7423	0			
26.6856	8	26.7496	0			
26.693	11	26.757	0			
26.7003	6	26.7643	0			
26.7076	14	26.7716	0			
26.715	22	26.779	0			
26.7223	9	26.7863	0			
26.7296	16	26.7936	0			
26.737	19	26.801	0			
26.7443	6	26.8083	1			
26.7516	13	26.8156	0			
26.759	4	26.823	0			
26.7663	6	26.8303	0			
26.7736	14	26.8376	0			
26.781	13	26.845	0			
26.7883	8	26.8523	0			
26.7956	8	26.8596	0			
26.8029	14	26.8669	0			
26.8103	18	26.8743	0			
26.8176	13	26.8816	0			
26.8249	8	26.8889	0			
26.8323	16	26.8963	0			
26.8396	11	26.9036	0			
26.8469	19	26.9109	0			
26.8543	18	26.9183	0			
26.8616	13	26.9256	0			
26.8689	11	26.9329	2			
26.8763	17	26.9403	0			
26.8836	9	26.9476	0			
26.8909	12	26.9549	0			
26.8983	18	26.9622	0			
26.9056	9	26.9696	0			
26.9129	15	26.9769	0			
26.9202	9	26.9842	0			
26.9276	8	26.9916	0			
26.9349	13	26.9989	0			
26.9422	9	27.0062	0			
26.9496	10	27.0136	0			
26.9569	14	27.0209	0			
26.9642	12	27.0282	0			
26.9716	11	27.0356	0			
26.9789	15	27.0429	0			
26.9862	7	27.0502	0			
26.9936	7	27.0576	0			
27.0009	13	27.0649	0			
27.0082	11	27.0722	0			
27.0156	15	27.0795	0			
27.0229	12	27.0869	0			
27.0302	12	27.0942	0			
27.0375	16	27.1015	0			
27.0449	12	27.1089	0			
27.0522	13	27.1162	0			
27.0595	14	27.1235	0			
27.0669	7	27.1309	0			
27.0742	19	27.1382	0			
27.0815	6	27.1455	0			
27.0889	9	27.1529	0			
27.0962	14	27.1602	0			
27.1035	8	27.1675	0			
27.1109	10	27.1749	0			
27.1182	11	27.1822	0			
27.1255	10	27.1895	1			
27.1329	7	27.1968	0			
27.1402	14	27.2042	0			
27.1475	9	27.2115	0			
27.1548	14	27.2188	0			
27.1622	16	27.2262	0			
27.1695	18	27.2335	0			
27.1768	13	27.2408	1			
27.1842	13	27.2482	1			
27.1915	8	27.2555	0			
27.1988	10	27.2628	0			
27.2062	13	27.2702	0			
27.2135	10	27.2775	0			
27.2208	8	27.2848	0			
27.2282	8	27.2922	0			
27.2355	9	27.2995	1			
27.2428	13	27.3068	0			
27.2502	8	27.3141	0			
27.2575	10	27.3215	0			
27.2648	18	27.3288	0			
27.2721	8	27.3361	0			
27.2795	12	27.3435	0			
27.2868	12	27.3508	0			
27.2941	12	27.3581	0			
27.3015	15	27.3655	0			
27.3088	12	27.3728	0			
27.3161	14	27.3801	0			
27.3235	9	27.3875	0			
27.3308	3	27.3948	0			
27.3381	5	27.4021	0			
27.3455	12	27.4095	0			
27.3528	13	27.4168	0			
27.3601	9	27.4241	0			
27.3675	13	27.4314	0			
27.3748	16	27.4388	0			
27.3821	11	27.4461	0			
27.3894	14	27.4534	0			
27.3968	15	27.4608	0			
27.4041	12	27.4681	0			
27.4114	9	27.4754	0			
27.4188	13	27.4828	0			
27.4261	14	27.4901	0			
27.4334	9	27.4974	0			
27.4408	10	27.5048	0			
27.4481	17	27.5121	0			
27.4554	10	27.5194	0			
27.4628	12	27.5268	0			
27.4701	13	27.5341	0			
27.4774	14	27.5414	0			
27.4847	10	27.5487	0			
27.4921	7	27.5561	0			
27.4994	11	27.5634	0			
27.5067	11	27.5707	0			
27.5141	10	27.5781	0			
27.5214	9	27.5854	0			
27.5287	11	27.5927	0			
27.5361	9	27.6001	0			
27.5434	16	27.6074	0			
27.5507	15	27.6147	0			
27.5581	14	27.6221	0			
27.5654	15	27.6294	0			
27.5727	19	27.6367	0			
27.5801	12	27.6441	0			
27.5874	15	27.6514	0			
27.5947	14	27.6587	0			
27.602	13	27.666	1			
27.6094	13	27.6734	0			
27.6167	14	27.6807	0			
27.624	10	27.688	0			
27.6314	12	27.6954	0			
27.6387	13	27.7027	0			
27.646	10	27.71	0			
27.6534	14	27.7174	0			
27.6607	11	27.7247	0			
27.668	9	27.732	0			
27.6754	9	27.7394	0			
27.6827	6	27.7467	0			
27.69	12	27.754	0			
27.6974	8	27.7614	0			
27.7047	17	27.7687	0			
27.712	13	27.776	0			
27.7193	6	27.7833	0			
27.7267	7	27.7907	0			
27.734	10	27.798	2			
27.7413	16	27.8053	0			
27.7487	6	27.8127	0			
27.756	6	27.82	0			
27.7633	11	27.8273	0			
27.7707	7	27.8347	0			
27.778	13	27.842	1			
27.7853	12	27.8493	0			
27.7927	12	27.8567	0			
27.8	9	27.864	0			
27.8073	8	27.8713	0			
27.8147	6	27.8787	0			
27.822	11	27.886	0			
27.8293	11	27.8933	0			
27.8366	10	27.9006	0			
27.844	5	27.908	0			
27.8513	12	27.9153	0			
27.8586	10	27.9226	0			
27.866	9	27.93	1			
27.8733	6	27.9373	0			
27.8806	14	27.9446	0			
27.888	14	27.952	0			
27.8953	16	27.9593	0			
27.9026	11	27.9666	0			
27.91	10	27.974	0			
27.9173	10	27.9813	0			
27.9246	7	27.9886	0			
27.932	8	27.996	0			
27.9393	9	28.0033	0			
27.9466	9	28.0106	0			
27.9539	6	28.0179	0			
27.9613	9	28.0253	0			
27.9686	8	28.0326	0			
27.9759	12	28.0399	0			
27.9833	15	28.0473	0			
27.9906	12	28.0546	0			
27.9979	6	28.0619	0			
28.0053	8	28.0693	0			
28.0126	13	28.0766	0			
28.0199	15	28.0839	0			
28.0273	14	28.0913	1			
28.0346	19	28.0986	0			
28.0419	8	28.1059	0			
28.0493	11	28.1133	0			
28.0566	12	28.1206	0			
28.0639	10	28.1279	0			
28.0712	12	28.1352	0			
28.0786	14	28.1426	0			
28.0859	11	28.1499	0			
28.0932	16	28.1572	0			
28.1006	18	28.1646	0			
28.1079	13	28.1719	0			
28.1152	8	28.1792	0			
28.1226	19	28.1866	0			
28.1299	11	28.1939	0			
28.1372	6	28.2012	1			
28.1446	15	28.2086	0			
28.1519	18	28.2159	0			
28.1592	14	28.2232	0			
28.1666	4	28.2306	0			
28.1739	8	28.2379	0			
28.1812	9	28.2452	0			
28.1885	15	28.2525	0			
28.1959	15	28.2599	0			
28.2032	14	28.2672	0			
28.2105	14	28.2745	0			
28.2179	11	28.2819	0			
28.2252	16	28.2892	0			
28.2325	11	28.2965	0			
28.2399	14	28.3039	1			
28.2472	14	28.3112	0			
28.2545	14	28.3185	0			
28.2619	7	28.3259	0			
28.2692	7	28.3332	0			
28.2765	14	28.3405	0			
28.2839	11	28.3479	0			
28.2912	10	28.3552	0			
28.2985	8	28.3625	0			
28.3058	7	28.3698	0			
28.3132	9	28.3772	0			
28.3205	15	28.3845	0			
28.3278	11	28.3918	0			
28.3352	5	28.3992	0			
28.3425	9	28.4065	0			
28.3498	9	28.4138	0			
28.3572	11	28.4212	0			
28.3645	13	28.4285	0			
28.3718	14	28.4358	0			
28.3792	12	28.4432	0			
28.3865	12	28.4505	0			
28.3938	12	28.4578	0			
28.4012	5	28.4652	0			
28.4085	14	28.4725	0			
28.4158	9	28.4798	0			
28.4231	11	28.4871	0			
28.4305	8	28.4945	0			
28.4378	9	28.5018	0			
28.4451	5	28.5091	0			
28.4525	9	28.5165	0			
28.4598	6	28.5238	0			
28.4671	12	28.5311	0			
28.4745	5	28.5385	0			
28.4818	11	28.5458	0			
28.4891	9	28.5531	1			
28.4965	12	28.5605	0			
28.5038	10	28.5678	0			
28.5111	8	28.5751	0			
28.5185	8	28.5824	0			
28.5258	11	28.5898	0			
28.5331	9	28.5971	0			
28.5404	11	28.6044	0			
28.5478	8	28.6118	0			
28.5551	14	28.6191	0			
28.5624	10	28.6264	0			
28.5698	8	28.6338	0			
28.5771	16	28.6411	0			
28.5844	11	28.6484	0			
28.5918	9	28.6558	0			
28.5991	10	28.6631	0			
28.6064	13	28.6704	0			
28.6138	8	28.6778	0			
28.6211	11	28.6851	0			
28.6284	7	28.6924	0			
28.6358	13	28.6997	0			
28.6431	9	28.7071	0			
28.6504	13	28.7144	0			
28.6577	5	28.7217	0			
28.6651	7	28.7291	0			
28.6724	14	28.7364	0			
28.6797	9	28.7437	0			
28.6871	9	28.7511	0			
28.6944	8	28.7584	0			
28.7017	13	28.7657	1			
28.7091	6	28.7731	0			
28.7164	10	28.7804	0			
28.7237	13	28.7877	0			
28.7311	9	28.7951	0			
28.7384	12	28.8024	0			
28.7457	13	28.8097	0			
28.7531	12	28.817	0			
28.7604	6	28.8244	0			
28.7677	10	28.8317	0			
28.775	6	28.839	0			
28.7824	16	28.8464	0			
28.7897	7	28.8537	0			
28.797	11	28.861	0			
28.8044	8	28.8684	0			
28.8117	8	28.8757	1			
28.819	8	28.883	0			
28.8264	13	28.8904	0			
28.8337	13	28.8977	0			
28.841	9	28.905	0			
28.8484	7	28.9124	0			
28.8557	14	28.9197	0			
28.863	12	28.927	0			
28.8704	4	28.9343	0			
28.8777	9	28.9417	0			
28.885	11	28.949	0			
28.8923	10	28.9563	0			
28.8997	4	28.9637	0			
28.907	8	28.971	0			
28.9143	14	28.9783	0			
28.9217	13	28.9857	0			
28.929	10	28.993	0			
28.9363	12	29.0003	1			
28.9437	6	29.0077	0			
28.951	11	29.015	0			
28.9583	14	29.0223	0			
28.9657	11	29.0297	0			
28.973	12	29.037	0			
28.9803	11	29.0443	0			
28.9877	7	29.0516	0			
28.995	12	29.059	0			
29.0023	15	29.0663	0			
29.0096	14	29.0736	0			
29.017	7	29.081	0			
29.0243	10	29.0883	0			
29.0316	8	29.0956	0			
29.039	19	29.103	0			
29.0463	13	29.1103	0			
29.0536	13	29.1176	0			
29.061	11	29.125	0			
29.0683	12	29.1323	0			
29.0756	12	29.1396	0			
29.083	8	29.147	0			
29.0903	11	29.1543	0			
29.0976	10	29.1616	0			
29.1049	16	29.1689	0			
29.1123	13	29.1763	0			
29.1196	9	29.1836	0			
29.1269	13	29.1909	0			
29.1343	15	29.1983	0			
29.1416	15	29.2056	1			
29.1489	15	29.2129	0			
29.1563	16	29.2203	0			
29.1636	10	29.2276	0			
29.1709	5	29.2349	0			
29.1783	12	29.2423	0			
29.1856	11	29.2496	0			
29.1929	8	29.2569	0			
29.2003	7	29.2643	0			
29.2076	9	29.2716	0			
29.2149	12	29.2789	0			
29.2222	14	29.2862	0			
29.2296	11	29.2936	0			
29.2369	13	29.3009	0			
29.2442	10	29.3082	0			
29.2516	7	29.3156	0			
29.2589	14	29.3229	0			
29.2662	15	29.3302	0			
29.2736	10	29.3376	0			
29.2809	12	29.3449	0			
29.2882	10	29.3522	0			
29.2956	12	29.3596	0			
29.3029	17	29.3669	0			
29.3102	11	29.3742	0			
29.3176	9	29.3816	0			
29.3249	10	29.3889	0			
29.3322	8	29.3962	0			
29.3395	10	29.4035	1			
29.3469	6	29.4109	0			
29.3542	14	29.4182	0			
29.3615	13	29.4255	0			
29.3689	8	29.4329	0			
29.3762	6	29.4402	0			
29.3835	11	29.4475	0			
29.3909	10	29.4549	0			
29.3982	9	29.4622	0			
29.4055	5	29.4695	1			
29.4129	12	29.4769	0			
29.4202	15	29.4842	0			
29.4275	6	29.4915	0			
29.4349	5	29.4989	0			
29.4422	8	29.5062	0			
29.4495	19	29.5135	0			
29.4568	12	29.5208	0			
29.4642	11	29.5282	0			
29.4715	9	29.5355	0			
29.4788	6	29.5428	0			
29.4862	11	29.5502	0			
29.4935	9	29.5575	0			
29.5008	14	29.5648	0			
29.5082	2	29.5722	0			
29.5155	8	29.5795	0			
29.5228	7	29.5868	1			
29.5302	16	29.5942	1			
29.5375	8	29.6015	0			
29.5448	10	29.6088	0			
29.5522	18	29.6162	0			
29.5595	15	29.6235	0			
29.5668	6	29.6308	0			
29.5741	14	29.6381	0			
29.5815	8	29.6455	0			
29.5888	8	29.6528	0			
29.5961	12	29.6601	0			
29.6035	10	29.6675	0			
29.6108	6	29.6748	0			
29.6181	8	29.6821	0			
29.6255	8	29.6895	0			
29.6328	9	29.6968	0			
29.6401	9	29.7041	0			
29.6475	9	29.7115	0			
29.6548	16	29.7188	0			
29.6621	9	29.7261	0			
29.6695	8	29.7335	0			
29.6768	9	29.7408	0			
29.6841	8	29.7481	0			
29.6914	10	29.7554	0			
29.6988	6	29.7628	0			
29.7061	12	29.7701	0			
29.7134	11	29.7774	0			
29.7208	6	29.7848	0			
29.7281	9	29.7921	0			
29.7354	7	29.7994	0			
29.7428	7	29.8068	0			
29.7501	8	29.8141	0			
29.7574	5	29.8214	0			
29.7648	6	29.8288	0			
29.7721	11	29.8361	0			
29.7794	6	29.8434	1			
29.7868	7	29.8508	0			
29.7941	4	29.8581	0			
29.8014	3	29.8654	0			
29.8087	6	29.8727	0			
29.8161	1	29.8801	0			
29.8234	6	29.8874	0			
29.8307	7	29.8947	0			
29.8381	5	29.9021	0			
29.8454	7	29.9094	0			
29.8527	5	29.9167	0			
29.8601	7	29.9241	0			
29.8674	8	29.9314	0			
29.8747	4	29.9387	1			
29.8821	5	29.9461	0			
29.8894	8	29.9534	0			
29.8967	5	29.9607	0			
29.9041	7	29.9681	0			
29.9114	5	29.9754	0			
29.9187	5	29.9827	0			
29.926	9	30.0091	0			
29.9334	6	30.0026	0			
29.9407	8	30.0047	0			
29.948	7	30.012	0			
29.9554	12	30.0194	0			
29.9627	3	30.0267	0			
29.97	8	30.034	0			
29.9774	3	30.0414	0			
29.9847	6	30.0487	0			
30.0071	6	30.056	0			
30.0006	7	30.0634	0			
30.0067	5	30.0707	0			
30.014	7	30.078	0			
